  0.22654190E-014  0.21148731E-014  0.24266815E-014  0.14832363E-009
  0.25994234E-014  0.24266815E-014  0.27844618E-014  0.22311653E-009
  0.29826720E-014  0.27844618E-014  0.31949917E-014  0.33554663E-009
  0.34224253E-014  0.31949917E-014  0.36660486E-014  0.50483226E-009
  0.39270141E-014  0.36660486E-014  0.42065562E-014  0.75956706E-009
  0.45059974E-014  0.42065562E-014  0.48267541E-014  0.11435509E-008
  0.51703437E-014  0.48267541E-014  0.55383915E-014  0.17220213E-008
  0.59326385E-014  0.55383915E-014  0.63549499E-014  0.25967451E-008
  0.68073231E-014  0.63549499E-014  0.72918983E-014  0.39175279E-008
  0.78109677E-014  0.72918983E-014  0.83669868E-014  0.59242382E-008
  0.89625857E-014  0.83669868E-014  0.96005820E-014  0.89788859E-008
  0.10283994E-013  0.96005820E-014  0.11016054E-013  0.13658635E-007
  0.11800225E-013  0.11016054E-013  0.12640217E-013  0.20976522E-007
  0.13540003E-013  0.12640217E-013  0.14503840E-013  0.32822265E-007
  0.15536287E-013  0.14503840E-013  0.16642228E-013  0.48530346E-007
  0.17826895E-013  0.16642228E-013  0.19095892E-013  0.71610789E-007
  0.20455222E-013  0.19095892E-013  0.21911314E-013  0.10870316E-006
  0.23471058E-013  0.21911314E-013  0.25141831E-013  0.16600741E-006
  0.26931537E-013  0.25141831E-013  0.28848642E-013  0.25394371E-006
  0.30902216E-013  0.28848642E-013  0.33101971E-013  0.38693721E-006
  0.35458315E-013  0.33101971E-013  0.37982394E-013  0.58321106E-006
  0.40686148E-013  0.37982394E-013  0.43582367E-013  0.86066379E-006
  0.46684752E-013  0.43582367E-013  0.50007978E-013  0.12255116E-005
  0.53567765E-013  0.50007978E-013  0.57380955E-013  0.16545764E-005
  0.61465583E-013  0.57380955E-013  0.65840974E-013  0.20846872E-005
  0.70527824E-013  0.65840974E-013  0.75548305E-013  0.24630900E-005
  0.80926165E-013  0.75548305E-013  0.86686846E-013  0.28076819E-005
  0.92857597E-013  0.86686846E-013  0.99467609E-013  0.32162102E-005
  0.10654815E-012  0.99467609E-013  0.11413272E-012  0.38098025E-005
  0.12225719E-012  0.11413272E-012  0.13095999E-012  0.40215390E-005
  0.14028230E-012  0.13095999E-012  0.15026821E-012  0.42908336E-005
  0.16096496E-012  0.15026821E-012  0.17242316E-012  0.61834148E-005
  0.18469699E-012  0.17242316E-012  0.19784454E-012  0.10077509E-004
  0.21192798E-012  0.19784454E-012  0.22701395E-012  0.15078747E-004
  0.24317380E-012  0.22701395E-012  0.26048398E-012  0.13684141E-004
  0.27902638E-012  0.26048398E-012  0.29888870E-012  0.16365511E-004
  0.32016491E-012  0.29888870E-012  0.34295566E-012  0.23524161E-004
  0.36736875E-012  0.34295566E-012  0.39351968E-012  0.34488134E-004
  0.42153214E-012  0.39351968E-012  0.45153865E-012  0.50655354E-004
  0.48368116E-012  0.45153865E-012  0.51811171E-012  0.74678613E-004
  0.55499318E-012  0.51811171E-012  0.59450004E-012  0.11039437E-003
  0.63681917E-012  0.59450004E-012  0.68215076E-012  0.16333798E-003
  0.73070925E-012  0.68215076E-012  0.78272434E-012  0.24223887E-003
  0.83844211E-012  0.78272434E-012  0.89812610E-012  0.35803301E-003
  0.96205867E-012  0.89812610E-012  0.10305422E-011  0.52584392E-003
  0.11039008E-011  0.10305422E-011  0.11824813E-011  0.76009989E-003
  0.12666555E-011  0.11824813E-011  0.13568216E-011  0.10769115E-002
  0.14534061E-011  0.13568216E-011  0.15568660E-011  0.15055023E-002
  0.16676906E-011  0.15568660E-011  0.17864041E-011  0.20987826E-002
  0.19135682E-011  0.17864041E-011  0.20497844E-011  0.28299607E-002
  0.21956971E-011  0.20497844E-011  0.23519965E-011  0.38873448E-002
  0.25194219E-011  0.23519965E-011  0.26987654E-011  0.53424788E-002
  0.28908754E-011  0.26987654E-011  0.30966607E-011  0.70302256E-002
  0.33170946E-011  0.30966607E-011  0.35532200E-011  0.95618764E-002
  0.38061538E-011  0.35532200E-011  0.40770926E-011  0.12853551E-001
  0.43673180E-011  0.40770926E-011  0.46782029E-011  0.16753163E-001
  0.50112179E-011  0.46782029E-011  0.53679384E-011  0.22278954E-001
  0.57500519E-011  0.53679384E-011  0.61593659E-011  0.28723587E-001
  0.65978167E-011  0.61593659E-011  0.70674783E-011  0.37250364E-001
  0.75705725E-011  0.70674783E-011  0.81094791E-011  0.50062536E-001
  0.86867475E-011  0.81094791E-011  0.93051084E-011  0.86180599E-001
  0.99674870E-011  0.93051084E-011  0.10677017E-010  0.90922265E-001
  0.11437054E-010  0.10677017E-010  0.12251193E-010  0.69572756E-001
  0.13123287E-010  0.12251193E-010  0.14057460E-010  0.69308634E-001
  0.15058132E-010  0.14057460E-010  0.16130036E-010  0.91244156E-001
  0.17278243E-010  0.16130036E-010  0.18508185E-010  0.14059377E+000
  0.19825679E-010  0.18508185E-010  0.21236958E-010  0.22721666E+000
  0.22748698E-010  0.21236958E-010  0.24368050E-010  0.30157460E+000
  0.26102675E-010  0.24368050E-010  0.27960778E-010  0.37470205E+000
  0.29951150E-010  0.27960778E-010  0.32083204E-010  0.32676423E+000
  0.34367028E-010  0.32083204E-010  0.36813424E-010  0.28688995E+000
  0.39433965E-010  0.36813424E-010  0.42241049E-010  0.25961221E+000
  0.45247952E-010  0.42241049E-010  0.48468900E-010  0.24826997E+000
  0.51919130E-010  0.48468900E-010  0.55614962E-010  0.27801369E+000
  0.59573880E-010  0.55614962E-010  0.63814611E-010  0.30748892E+000
  0.68357215E-010  0.63814611E-010  0.73223182E-010  0.31468906E+000
  0.78435531E-010  0.73223182E-010  0.84018917E-010  0.32159555E+000
  0.89999753E-010  0.84018917E-010  0.96406331E-010  0.32756180E+000
  0.10326896E-009  0.96406331E-010  0.11062010E-009  0.33186411E+000
  0.11849452E-009  0.11062010E-009  0.12692948E-009  0.33120489E+000
  0.13596488E-009  0.12692948E-009  0.14564346E-009  0.32522019E+000
  0.15601100E-009  0.14564346E-009  0.16711655E-009  0.31626686E+000
  0.17901264E-009  0.16711655E-009  0.19175555E-009  0.30119059E+000
  0.20540555E-009  0.19175555E-009  0.22002722E-009  0.28850160E+000
  0.23568973E-009  0.22002722E-009  0.25246716E-009  0.26605674E+000
  0.27043889E-009  0.25246716E-009  0.28968991E-009  0.24328415E+000
  0.31031132E-009  0.28968991E-009  0.33240064E-009  0.22199365E+000
  0.35606238E-009  0.33240064E-009  0.38140847E-009  0.19868970E+000
  0.40855880E-009  0.38140847E-009  0.43764181E-009  0.17640114E+000
  0.46879508E-009  0.43764181E-009  0.50216598E-009  0.11348594E+001
  0.53791236E-009  0.50216598E-009  0.57620333E-009  0.12431362E+001
  0.61722002E-009  0.57620333E-009  0.66115645E-009  0.11639776E+001
  0.70822048E-009  0.66115645E-009  0.75863473E-009  0.10584571E+001
  0.81263768E-009  0.75863473E-009  0.87048481E-009  0.92669233E+000
  0.93244975E-009  0.87048481E-009  0.99882562E-009  0.84922467E+000
  0.10699264E-008  0.99882562E-009  0.11460885E-008  0.71429689E+000
  0.12276721E-008  0.11460885E-008  0.13150632E-008  0.61727532E+000
  0.14086752E-008  0.13150632E-008  0.15089509E-008  0.52893901E+000
  0.16163647E-008  0.15089509E-008  0.17314246E-008  0.42916119E+000
  0.18546750E-008  0.17314246E-008  0.19866989E-008  0.34186491E+000
