   10.000000000000000        4.0000000000000004E-021  0.99998797630841152     
   100.00000000000000        4.0000000000000004E-020  0.99998797630832492     
   1000.0000000000000        4.0000000000000004E-019  0.99998797630746006     
   10000.000000000000        4.0000000000000003E-018  0.99998797629881064     
   100000.00000000000        4.0000000000000003E-017  0.99998797621231883     
   1000000.0000000000        4.0000000000000004E-016  0.99998797534740069     
   10000000.000000000        4.0000000000000003E-015  0.99998796669821688     
   100000000.00000000        4.0000000000000000E-014  0.99998788020638707     
   1000000000.0000000        4.0000000000000001E-013  0.99998701528886669     
   10000000000.000000        3.9999999999999999E-012  0.99997836619114033     
   100000000000.00000        4.0000000000000004E-011  0.99989188296087239     
   1000000000000.0000        4.0000000000000001E-010  0.99902782441302185     
   10000000000000.000        4.0000000000000002E-009  0.99046369120329136     
   100000000000000.00        4.0000000000000001E-008  0.91170392638575015     
   1000000000000000.0        4.0000000000000003E-007  0.48595457796888286     
   10000000000000000.        3.9999999999999998E-006   5.8337378287409924E-002
   1.0000000000000000E+017   4.0000000000000003E-005   3.2734886094450081E-003
   1.0000000000000000E+018   4.0000000000000002E-004   2.9104665216738812E-004
   1.0000000000000000E+019   4.0000000000000001E-003   5.5096682488091719E-005
   1.0000000000000000E+020   4.0000000000000001E-002   1.0852429796532408E-005
   1.0000000000000000E+021  0.40000000000000002        9.3848600824850894E-007
   1.0000000000000000E+022   4.0000000000000000        5.1023560149986904E-009
   9.9999999999999992E+022   40.000000000000000        4.2491946075859285E-015
   9.9999999999999998E+023   400.00000000000000        3.0513481610416314E-033
