  H2 H2GP CEN HD Z ENTHALPIC DUST COMPTON CIE CONTINUUM EXP BSS CUSTOM CO ZCIE ZCIENOUV ZEXTEND GH                                 
  0.32414911E-006  0.40000000E-007  0.10000000E+003  0.46376140E-025  0.00000000E+000  0.00000000E+000  0.00000000E+000  0.28636079E-021  0.00000000E+000  0.29834929E-024  0.43255430E-031  0.00000000E+000  0.00000000E+000  0.00000000E+000  0.00000000E+000  0.00000000E+000  0.11066039E-032  0.00000000E+000  0.00000000E+000  0.00000000E+000  0.00000000E+000
  0.35478113E-006  0.43779992E-007  0.10000000E+003  0.46377032E-025  0.00000000E+000  0.00000000E+000  0.00000000E+000  0.28635889E-021  0.00000000E+000  0.29834844E-024  0.43254897E-031  0.00000000E+000  0.00000000E+000  0.00000000E+000  0.00000000E+000  0.00000000E+000  0.11066509E-032  0.00000000E+000  0.00000000E+000  0.00000000E+000  0.00000000E+000
  0.38830788E-006  0.47917192E-007  0.10000000E+003  0.46377745E-025  0.00000000E+000  0.00000000E+000  0.00000000E+000  0.28635803E-021  0.00000000E+000  0.29834760E-024  0.43254295E-031  0.00000000E+000  0.00000000E+000  0.00000000E+000  0.00000000E+000  0.00000000E+000  0.11067531E-032  0.00000000E+000  0.00000000E+000  0.00000000E+000  0.00000000E+000
  0.42500290E-006  0.52445357E-007  0.10000000E+003  0.46378337E-025  0.00000000E+000  0.00000000E+000  0.00000000E+000  0.28635780E-021  0.00000000E+000  0.29834684E-024  0.43253641E-031  0.00000000E+000  0.00000000E+000  0.00000000E+000  0.00000000E+000  0.00000000E+000  0.11069025E-032  0.00000000E+000  0.00000000E+000  0.00000000E+000  0.00000000E+000
  0.46516559E-006  0.57401433E-007  0.10000000E+003  0.46379547E-025  0.00000000E+000  0.00000000E+000  0.00000000E+000  0.28635516E-021  0.00000000E+000  0.29834572E-024  0.43252928E-031  0.00000000E+000  0.00000000E+000  0.00000000E+000  0.00000000E+000  0.00000000E+000  0.11069173E-032  0.00000000E+000  0.00000000E+000  0.00000000E+000  0.00000000E+000
  0.50912364E-006  0.62825857E-007  0.10000000E+003  0.46379796E-025  0.00000000E+000  0.00000000E+000  0.00000000E+000  0.28635697E-021  0.00000000E+000  0.29834491E-024  0.43252145E-031  0.00000000E+000  0.00000000E+000  0.00000000E+000  0.00000000E+000  0.00000000E+000  0.11071819E-032  0.00000000E+000  0.00000000E+000  0.00000000E+000  0.00000000E+000
  0.55723572E-006  0.68762888E-007  0.10000000E+003  0.46382321E-025  0.00000000E+000  0.00000000E+000  0.00000000E+000  0.28634935E-021  0.00000000E+000  0.29834322E-024  0.43251287E-031  0.00000000E+000  0.00000000E+000  0.00000000E+000  0.00000000E+000  0.00000000E+000  0.11069203E-032  0.00000000E+000  0.00000000E+000  0.00000000E+000  0.00000000E+000
  0.60989439E-006  0.75260967E-007  0.10000000E+003  0.46381665E-025  0.00000000E+000  0.00000000E+000  0.00000000E+000  0.28635553E-021  0.00000000E+000  0.29834262E-024  0.43250350E-031  0.00000000E+000  0.00000000E+000  0.00000000E+000  0.00000000E+000  0.00000000E+000  0.11074434E-032  0.00000000E+000  0.00000000E+000  0.00000000E+000  0.00000000E+000
  0.66752928E-006  0.82373113E-007  0.10000000E+003  0.46382706E-025  0.00000000E+000  0.00000000E+000  0.00000000E+000  0.28635477E-021  0.00000000E+000  0.29834141E-024  0.43249323E-031  0.00000000E+000  0.00000000E+000  0.00000000E+000  0.00000000E+000  0.00000000E+000  0.11075863E-032  0.00000000E+000  0.00000000E+000  0.00000000E+000  0.00000000E+000
  0.73061067E-006  0.90157356E-007  0.10000000E+003  0.46384429E-025  0.00000000E+000  0.00000000E+000  0.00000000E+000  0.28635145E-021  0.00000000E+000  0.29833968E-024  0.43248204E-031  0.00000000E+000  0.00000000E+000  0.00000000E+000  0.00000000E+000  0.00000000E+000  0.11075844E-032  0.00000000E+000  0.00000000E+000  0.00000000E+000  0.00000000E+000
  0.79965323E-006  0.98677208E-007  0.10000000E+003  0.46384830E-025  0.00000000E+000  0.00000000E+000  0.00000000E+000  0.28635418E-021  0.00000000E+000  0.29833842E-024  0.43246977E-031  0.00000000E+000  0.00000000E+000  0.00000000E+000  0.00000000E+000  0.00000000E+000  0.11079314E-032  0.00000000E+000  0.00000000E+000  0.00000000E+000  0.00000000E+000
  0.87522030E-006  0.10800218E-006  0.10000000E+003  0.46386649E-025  0.00000000E+000  0.00000000E+000  0.00000000E+000  0.28635119E-021  0.00000000E+000  0.29833656E-024  0.43245631E-031  0.00000000E+000  0.00000000E+000  0.00000000E+000  0.00000000E+000  0.00000000E+000  0.11079690E-032  0.00000000E+000  0.00000000E+000  0.00000000E+000  0.00000000E+000
  0.95792844E-006  0.11820837E-006  0.10000000E+003  0.46387784E-025  0.00000000E+000  0.00000000E+000  0.00000000E+000  0.28635166E-021  0.00000000E+000  0.29833471E-024  0.43244162E-031  0.00000000E+000  0.00000000E+000  0.00000000E+000  0.00000000E+000  0.00000000E+000  0.11082002E-032  0.00000000E+000  0.00000000E+000  0.00000000E+000  0.00000000E+000
  0.10484525E-005  0.12937904E-006  0.10000000E+003  0.46389925E-025  0.00000000E+000  0.00000000E+000  0.00000000E+000  0.28634837E-021  0.00000000E+000  0.29833270E-024  0.43242546E-031  0.00000000E+000  0.00000000E+000  0.00000000E+000  0.00000000E+000  0.00000000E+000  0.11082393E-032  0.00000000E+000  0.00000000E+000  0.00000000E+000  0.00000000E+000
  0.11475310E-005  0.14160533E-006  0.10000000E+003  0.46392585E-025  0.00000000E+000  0.00000000E+000  0.00000000E+000  0.28634325E-021  0.00000000E+000  0.29832996E-024  0.43240784E-031  0.00000000E+000  0.00000000E+000  0.00000000E+000  0.00000000E+000  0.00000000E+000  0.11081784E-032  0.00000000E+000  0.00000000E+000  0.00000000E+000  0.00000000E+000
  0.12559725E-005  0.15498700E-006  0.10000000E+003  0.46392893E-025  0.00000000E+000  0.00000000E+000  0.00000000E+000  0.28634904E-021  0.00000000E+000  0.29832838E-024  0.43238845E-031  0.00000000E+000  0.00000000E+000  0.00000000E+000  0.00000000E+000  0.00000000E+000  0.11087444E-032  0.00000000E+000  0.00000000E+000  0.00000000E+000  0.00000000E+000
  0.13746616E-005  0.16963325E-006  0.10000000E+003  0.46396833E-025  0.00000000E+000  0.00000000E+000  0.00000000E+000  0.28633957E-021  0.00000000E+000  0.29832459E-024  0.43236748E-031  0.00000000E+000  0.00000000E+000  0.00000000E+000  0.00000000E+000  0.00000000E+000  0.11084591E-032  0.00000000E+000  0.00000000E+000  0.00000000E+000  0.00000000E+000
  0.15045669E-005  0.18566355E-006  0.10000000E+003  0.46398950E-025  0.00000000E+000  0.00000000E+000  0.00000000E+000  0.28633887E-021  0.00000000E+000  0.29832161E-024  0.43234440E-031  0.00000000E+000  0.00000000E+000  0.00000000E+000  0.00000000E+000  0.00000000E+000  0.11086773E-032  0.00000000E+000  0.00000000E+000  0.00000000E+000  0.00000000E+000
  0.16467482E-005  0.20320872E-006  0.10000000E+003  0.46402242E-025  0.00000000E+000  0.00000000E+000  0.00000000E+000  0.28633423E-021  0.00000000E+000  0.29831847E-024  0.43231902E-031  0.00000000E+000  0.00000000E+000  0.00000000E+000  0.00000000E+000  0.00000000E+000  0.11086895E-032  0.00000000E+000  0.00000000E+000  0.00000000E+000  0.00000000E+000
  0.18023655E-005  0.22241191E-006  0.10000000E+003  0.46404947E-025  0.00000000E+000  0.00000000E+000  0.00000000E+000  0.28633230E-021  0.00000000E+000  0.29831460E-024  0.43229139E-031  0.00000000E+000  0.00000000E+000  0.00000000E+000  0.00000000E+000  0.00000000E+000  0.11088765E-032  0.00000000E+000  0.00000000E+000  0.00000000E+000  0.00000000E+000
  0.19726887E-005  0.24342979E-006  0.10000000E+003  0.46407653E-025  0.00000000E+000  0.00000000E+000  0.00000000E+000  0.28633189E-021  0.00000000E+000  0.29831099E-024  0.43226110E-031  0.00000000E+000  0.00000000E+000  0.00000000E+000  0.00000000E+000  0.00000000E+000  0.11091543E-032  0.00000000E+000  0.00000000E+000  0.00000000E+000  0.00000000E+000
  0.21591074E-005  0.26643385E-006  0.10000000E+003  0.46411499E-025  0.00000000E+000  0.00000000E+000  0.00000000E+000  0.28632719E-021  0.00000000E+000  0.29830634E-024  0.43222798E-031  0.00000000E+000  0.00000000E+000  0.00000000E+000  0.00000000E+000  0.00000000E+000  0.11092183E-032  0.00000000E+000  0.00000000E+000  0.00000000E+000  0.00000000E+000
  0.23631426E-005  0.29161180E-006  0.10000000E+003  0.46414947E-025  0.00000000E+000  0.00000000E+000  0.00000000E+000  0.28632569E-021  0.00000000E+000  0.29830182E-024  0.43219170E-031  0.00000000E+000  0.00000000E+000  0.00000000E+000  0.00000000E+000  0.00000000E+000  0.11094733E-032  0.00000000E+000  0.00000000E+000  0.00000000E+000  0.00000000E+000
  0.25864591E-005  0.31916905E-006  0.10000000E+003  0.46419491E-025  0.00000000E+000  0.00000000E+000  0.00000000E+000  0.28632051E-021  0.00000000E+000  0.29829656E-024  0.43215197E-031  0.00000000E+000  0.00000000E+000  0.00000000E+000  0.00000000E+000  0.00000000E+000  0.11095535E-032  0.00000000E+000  0.00000000E+000  0.00000000E+000  0.00000000E+000
  0.28308790E-005  0.34933046E-006  0.10000000E+003  0.46424436E-025  0.00000000E+000  0.00000000E+000  0.00000000E+000  0.28631523E-021  0.00000000E+000  0.29829081E-024  0.43210850E-031  0.00000000E+000  0.00000000E+000  0.00000000E+000  0.00000000E+000  0.00000000E+000  0.11096382E-032  0.00000000E+000  0.00000000E+000  0.00000000E+000  0.00000000E+000
  0.30983965E-005  0.38234212E-006  0.10000000E+003  0.46429257E-025  0.00000000E+000  0.00000000E+000  0.00000000E+000  0.28631196E-021  0.00000000E+000  0.29828484E-024  0.43206090E-031  0.00000000E+000  0.00000000E+000  0.00000000E+000  0.00000000E+000  0.00000000E+000  0.11098658E-032  0.00000000E+000  0.00000000E+000  0.00000000E+000  0.00000000E+000
  0.33911943E-005  0.41847338E-006  0.10000000E+003  0.46434611E-025  0.00000000E+000  0.00000000E+000  0.00000000E+000  0.28630795E-021  0.00000000E+000  0.29827822E-024  0.43200883E-031  0.00000000E+000  0.00000000E+000  0.00000000E+000  0.00000000E+000  0.00000000E+000  0.11100828E-032  0.00000000E+000  0.00000000E+000  0.00000000E+000  0.00000000E+000
  0.37116615E-005  0.45801903E-006  0.10000000E+003  0.46440661E-025  0.00000000E+000  0.00000000E+000  0.00000000E+000  0.28630244E-021  0.00000000E+000  0.29827065E-024  0.43195186E-031  0.00000000E+000  0.00000000E+000  0.00000000E+000  0.00000000E+000  0.00000000E+000  0.11102522E-032  0.00000000E+000  0.00000000E+000  0.00000000E+000  0.00000000E+000
  0.40624128E-005  0.50130173E-006  0.10000000E+003  0.46447511E-025  0.00000000E+000  0.00000000E+000  0.00000000E+000  0.28629574E-021  0.00000000E+000  0.29826234E-024  0.43188960E-031  0.00000000E+000  0.00000000E+000  0.00000000E+000  0.00000000E+000  0.00000000E+000  0.11103769E-032  0.00000000E+000  0.00000000E+000  0.00000000E+000  0.00000000E+000
  0.44463099E-005  0.54867465E-006  0.10000000E+003  0.46454338E-025  0.00000000E+000  0.00000000E+000  0.00000000E+000  0.28629082E-021  0.00000000E+000  0.29825378E-024  0.43182126E-031  0.00000000E+000  0.00000000E+000  0.00000000E+000  0.00000000E+000  0.00000000E+000  0.11106703E-032  0.00000000E+000  0.00000000E+000  0.00000000E+000  0.00000000E+000
  0.48664853E-005  0.60052429E-006  0.10000000E+003  0.46462770E-025  0.00000000E+000  0.00000000E+000  0.00000000E+000  0.28628176E-021  0.00000000E+000  0.29824372E-024  0.43174661E-031  0.00000000E+000  0.00000000E+000  0.00000000E+000  0.00000000E+000  0.00000000E+000  0.11107394E-032  0.00000000E+000  0.00000000E+000  0.00000000E+000  0.00000000E+000
  0.53263672E-005  0.65727372E-006  0.10000000E+003  0.46471700E-025  0.00000000E+000  0.00000000E+000  0.00000000E+000  0.28627326E-021  0.00000000E+000  0.29823291E-024  0.43166489E-031  0.00000000E+000  0.00000000E+000  0.00000000E+000  0.00000000E+000  0.00000000E+000  0.11108801E-032  0.00000000E+000  0.00000000E+000  0.00000000E+000  0.00000000E+000
  0.58297079E-005  0.71938595E-006  0.10000000E+003  0.46480179E-025  0.00000000E+000  0.00000000E+000  0.00000000E+000  0.28626965E-021  0.00000000E+000  0.29822208E-024  0.43157531E-031  0.00000000E+000  0.00000000E+000  0.00000000E+000  0.00000000E+000  0.00000000E+000  0.11113536E-032  0.00000000E+000  0.00000000E+000  0.00000000E+000  0.00000000E+000
  0.63806141E-005  0.78736778E-006  0.10000000E+003  0.46490959E-025  0.00000000E+000  0.00000000E+000  0.00000000E+000  0.28625854E-021  0.00000000E+000  0.29820876E-024  0.43147757E-031  0.00000000E+000  0.00000000E+000  0.00000000E+000  0.00000000E+000  0.00000000E+000  0.11114646E-032  0.00000000E+000  0.00000000E+000  0.00000000E+000  0.00000000E+000
  0.69835808E-005  0.86177388E-006  0.10000000E+003  0.46503851E-025  0.00000000E+000  0.00000000E+000  0.00000000E+000  0.28624231E-021  0.00000000E+000  0.29819429E-024  0.43137042E-031  0.00000000E+000  0.00000000E+000  0.00000000E+000  0.00000000E+000  0.00000000E+000  0.11113318E-032  0.00000000E+000  0.00000000E+000  0.00000000E+000  0.00000000E+000
  0.76435278E-005  0.94321133E-006  0.10000000E+003  0.46514944E-025  0.00000000E+000  0.00000000E+000  0.00000000E+000  0.28623735E-021  0.00000000E+000  0.29817960E-024  0.43125321E-031  0.00000000E+000  0.00000000E+000  0.00000000E+000  0.00000000E+000  0.00000000E+000  0.11119035E-032  0.00000000E+000  0.00000000E+000  0.00000000E+000  0.00000000E+000
  0.83658397E-005  0.10323446E-005  0.10000000E+003  0.46529301E-025  0.00000000E+000  0.00000000E+000  0.00000000E+000  0.28622244E-021  0.00000000E+000  0.29816260E-024  0.43112496E-031  0.00000000E+000  0.00000000E+000  0.00000000E+000  0.00000000E+000  0.00000000E+000  0.11119799E-032  0.00000000E+000  0.00000000E+000  0.00000000E+000  0.00000000E+000
  0.91564098E-005  0.11299010E-005  0.10000000E+003  0.46544776E-025  0.00000000E+000  0.00000000E+000  0.00000000E+000  0.28620659E-021  0.00000000E+000  0.29814389E-024  0.43098464E-031  0.00000000E+000  0.00000000E+000  0.00000000E+000  0.00000000E+000  0.00000000E+000  0.11121004E-032  0.00000000E+000  0.00000000E+000  0.00000000E+000  0.00000000E+000
  0.10021689E-004  0.12366764E-005  0.10000000E+003  0.46560790E-025  0.00000000E+000  0.00000000E+000  0.00000000E+000  0.28619379E-021  0.00000000E+000  0.29812406E-024  0.43083101E-031  0.00000000E+000  0.00000000E+000  0.00000000E+000  0.00000000E+000  0.00000000E+000  0.11124572E-032  0.00000000E+000  0.00000000E+000  0.00000000E+000  0.00000000E+000
  0.10968736E-004  0.13535421E-005  0.10000000E+003  0.46579393E-025  0.00000000E+000  0.00000000E+000  0.00000000E+000  0.28617504E-021  0.00000000E+000  0.29810190E-024  0.43066298E-031  0.00000000E+000  0.00000000E+000  0.00000000E+000  0.00000000E+000  0.00000000E+000  0.11125750E-032  0.00000000E+000  0.00000000E+000  0.00000000E+000  0.00000000E+000
  0.12005280E-004  0.14814515E-005  0.10000000E+003  0.46597476E-025  0.00000000E+000  0.00000000E+000  0.00000000E+000  0.28616457E-021  0.00000000E+000  0.29807861E-024  0.43047901E-031  0.00000000E+000  0.00000000E+000  0.00000000E+000  0.00000000E+000  0.00000000E+000  0.11132462E-032  0.00000000E+000  0.00000000E+000  0.00000000E+000  0.00000000E+000
  0.13139776E-004  0.16214484E-005  0.10000000E+003  0.46618801E-025  0.00000000E+000  0.00000000E+000  0.00000000E+000  0.28614628E-021  0.00000000E+000  0.29805255E-024  0.43027780E-031  0.00000000E+000  0.00000000E+000  0.00000000E+000  0.00000000E+000  0.00000000E+000  0.11135998E-032  0.00000000E+000  0.00000000E+000  0.00000000E+000  0.00000000E+000
  0.14381482E-004  0.17746749E-005  0.10000000E+003  0.46645777E-025  0.00000000E+000  0.00000000E+000  0.00000000E+000  0.28611044E-021  0.00000000E+000  0.29802217E-024  0.43005763E-031  0.00000000E+000  0.00000000E+000  0.00000000E+000  0.00000000E+000  0.00000000E+000  0.11130768E-032  0.00000000E+000  0.00000000E+000  0.00000000E+000  0.00000000E+000
  0.15740530E-004  0.19423814E-005  0.10000000E+003  0.46668579E-025  0.00000000E+000  0.00000000E+000  0.00000000E+000  0.28610063E-021  0.00000000E+000  0.29799207E-024  0.42981671E-031  0.00000000E+000  0.00000000E+000  0.00000000E+000  0.00000000E+000  0.00000000E+000  0.11141423E-032  0.00000000E+000  0.00000000E+000  0.00000000E+000  0.00000000E+000
  0.17228007E-004  0.21259360E-005  0.10000000E+003  0.46695586E-025  0.00000000E+000  0.00000000E+000  0.00000000E+000  0.28608076E-021  0.00000000E+000  0.29795816E-024  0.42955313E-031  0.00000000E+000  0.00000000E+000  0.00000000E+000  0.00000000E+000  0.00000000E+000  0.11147927E-032  0.00000000E+000  0.00000000E+000  0.00000000E+000  0.00000000E+000
  0.18856050E-004  0.23268365E-005  0.10000000E+003  0.46727921E-025  0.00000000E+000  0.00000000E+000  0.00000000E+000  0.28604744E-021  0.00000000E+000  0.29792013E-024  0.42926479E-031  0.00000000E+000  0.00000000E+000  0.00000000E+000  0.00000000E+000  0.00000000E+000  0.11148286E-032  0.00000000E+000  0.00000000E+000  0.00000000E+000  0.00000000E+000
  0.20637943E-004  0.25467221E-005  0.10000000E+003  0.46760910E-025  0.00000000E+000  0.00000000E+000  0.00000000E+000  0.28602113E-021  0.00000000E+000  0.29787980E-024  0.42894922E-031  0.00000000E+000  0.00000000E+000  0.00000000E+000  0.00000000E+000  0.00000000E+000  0.11154492E-032  0.00000000E+000  0.00000000E+000  0.00000000E+000  0.00000000E+000
  0.22588224E-004  0.27873868E-005  0.10000000E+003  0.46797449E-025  0.00000000E+000  0.00000000E+000  0.00000000E+000  0.28599038E-021  0.00000000E+000  0.29783485E-024  0.42860417E-031  0.00000000E+000  0.00000000E+000  0.00000000E+000  0.00000000E+000  0.00000000E+000  0.11159873E-032  0.00000000E+000  0.00000000E+000  0.00000000E+000  0.00000000E+000
  0.24722807E-004  0.30507943E-005  0.10000000E+003  0.46838897E-025  0.00000000E+000  0.00000000E+000  0.00000000E+000  0.28595033E-021  0.00000000E+000  0.29778482E-024  0.42822667E-031  0.00000000E+000  0.00000000E+000  0.00000000E+000  0.00000000E+000  0.00000000E+000  0.11161988E-032  0.00000000E+000  0.00000000E+000  0.00000000E+000  0.00000000E+000
  0.27059107E-004  0.33390938E-005  0.10000000E+003  0.46881889E-025  0.00000000E+000  0.00000000E+000  0.00000000E+000  0.28591697E-021  0.00000000E+000  0.29773173E-024  0.42781353E-031  0.00000000E+000  0.00000000E+000  0.00000000E+000  0.00000000E+000  0.00000000E+000  0.11170189E-032  0.00000000E+000  0.00000000E+000  0.00000000E+000  0.00000000E+000
  0.29616187E-004  0.36546375E-005  0.10000000E+003  0.46931984E-025  0.00000000E+000  0.00000000E+000  0.00000000E+000  0.28586736E-021  0.00000000E+000  0.29767208E-024  0.42736221E-031  0.00000000E+000  0.00000000E+000  0.00000000E+000  0.00000000E+000  0.00000000E+000  0.11171593E-032  0.00000000E+000  0.00000000E+000  0.00000000E+000  0.00000000E+000
  0.32414911E-004  0.40000000E-005  0.10000000E+003  0.46985854E-025  0.00000000E+000  0.00000000E+000  0.00000000E+000  0.28581755E-021  0.00000000E+000  0.29760765E-024  0.42686804E-031  0.00000000E+000  0.00000000E+000  0.00000000E+000  0.00000000E+000  0.00000000E+000  0.11175444E-032  0.00000000E+000  0.00000000E+000  0.00000000E+000  0.00000000E+000
  0.35478113E-004  0.43779992E-005  0.10000000E+003  0.47043153E-025  0.00000000E+000  0.00000000E+000  0.00000000E+000  0.28577010E-021  0.00000000E+000  0.29753735E-024  0.42632774E-031  0.00000000E+000  0.00000000E+000  0.00000000E+000  0.00000000E+000  0.00000000E+000  0.11183374E-032  0.00000000E+000  0.00000000E+000  0.00000000E+000  0.00000000E+000
  0.38830788E-004  0.47917192E-005  0.10000000E+003  0.47107691E-025  0.00000000E+000  0.00000000E+000  0.00000000E+000  0.28571043E-021  0.00000000E+000  0.29745985E-024  0.42573695E-031  0.00000000E+000  0.00000000E+000  0.00000000E+000  0.00000000E+000  0.00000000E+000  0.11187544E-032  0.00000000E+000  0.00000000E+000  0.00000000E+000  0.00000000E+000
  0.42500290E-004  0.52445357E-005  0.10000000E+003  0.47177412E-025  0.00000000E+000  0.00000000E+000  0.00000000E+000  0.28564903E-021  0.00000000E+000  0.29737580E-024  0.42509099E-031  0.00000000E+000  0.00000000E+000  0.00000000E+000  0.00000000E+000  0.00000000E+000  0.11194319E-032  0.00000000E+000  0.00000000E+000  0.00000000E+000  0.00000000E+000
  0.46516559E-004  0.57401433E-005  0.10000000E+003  0.47252161E-025  0.00000000E+000  0.00000000E+000  0.00000000E+000  0.28558866E-021  0.00000000E+000  0.29728445E-024  0.42438445E-031  0.00000000E+000  0.00000000E+000  0.00000000E+000  0.00000000E+000  0.00000000E+000  0.11205314E-032  0.00000000E+000  0.00000000E+000  0.00000000E+000  0.00000000E+000
  0.50912364E-004  0.62825857E-005  0.10000000E+003  0.47336013E-025  0.00000000E+000  0.00000000E+000  0.00000000E+000  0.28551384E-021  0.00000000E+000  0.29718315E-024  0.42361234E-031  0.00000000E+000  0.00000000E+000  0.00000000E+000  0.00000000E+000  0.00000000E+000  0.11212034E-032  0.00000000E+000  0.00000000E+000  0.00000000E+000  0.00000000E+000
  0.55723572E-004  0.68762888E-005  0.10000000E+003  0.47425658E-025  0.00000000E+000  0.00000000E+000  0.00000000E+000  0.28544162E-021  0.00000000E+000  0.29707435E-024  0.42276780E-031  0.00000000E+000  0.00000000E+000  0.00000000E+000  0.00000000E+000  0.00000000E+000  0.11224783E-032  0.00000000E+000  0.00000000E+000  0.00000000E+000  0.00000000E+000
  0.60989439E-004  0.75260967E-005  0.10000000E+003  0.47526226E-025  0.00000000E+000  0.00000000E+000  0.00000000E+000  0.28535198E-021  0.00000000E+000  0.29695334E-024  0.42184519E-031  0.00000000E+000  0.00000000E+000  0.00000000E+000  0.00000000E+000  0.00000000E+000  0.11232209E-032  0.00000000E+000  0.00000000E+000  0.00000000E+000  0.00000000E+000
  0.66752928E-004  0.82373113E-005  0.10000000E+003  0.47636672E-025  0.00000000E+000  0.00000000E+000  0.00000000E+000  0.28525178E-021  0.00000000E+000  0.29682099E-024  0.42083708E-031  0.00000000E+000  0.00000000E+000  0.00000000E+000  0.00000000E+000  0.00000000E+000  0.11239241E-032  0.00000000E+000  0.00000000E+000  0.00000000E+000  0.00000000E+000
  0.73061067E-004  0.90157356E-005  0.10000000E+003  0.47756186E-025  0.00000000E+000  0.00000000E+000  0.00000000E+000  0.28514950E-021  0.00000000E+000  0.29667755E-024  0.41973495E-031  0.00000000E+000  0.00000000E+000  0.00000000E+000  0.00000000E+000  0.00000000E+000  0.11250283E-032  0.00000000E+000  0.00000000E+000  0.00000000E+000  0.00000000E+000
  0.79965323E-004  0.98677208E-005  0.10000000E+003  0.47884707E-025  0.00000000E+000  0.00000000E+000  0.00000000E+000  0.28504713E-021  0.00000000E+000  0.29652185E-024  0.41853105E-031  0.00000000E+000  0.00000000E+000  0.00000000E+000  0.00000000E+000  0.00000000E+000  0.11267724E-032  0.00000000E+000  0.00000000E+000  0.00000000E+000  0.00000000E+000
  0.87522030E-004  0.10800218E-004  0.10000000E+003  0.48028479E-025  0.00000000E+000  0.00000000E+000  0.00000000E+000  0.28492146E-021  0.00000000E+000  0.29634970E-024  0.41721640E-031  0.00000000E+000  0.00000000E+000  0.00000000E+000  0.00000000E+000  0.00000000E+000  0.11278682E-032  0.00000000E+000  0.00000000E+000  0.00000000E+000  0.00000000E+000
  0.95792844E-004  0.11820837E-004  0.10000000E+003  0.48185868E-025  0.00000000E+000  0.00000000E+000  0.00000000E+000  0.28478476E-021  0.00000000E+000  0.29616215E-024  0.41578015E-031  0.00000000E+000  0.00000000E+000  0.00000000E+000  0.00000000E+000  0.00000000E+000  0.11290441E-032  0.00000000E+000  0.00000000E+000  0.00000000E+000  0.00000000E+000
  0.10484525E-003  0.12937904E-004  0.10000000E+003  0.48358831E-025  0.00000000E+000  0.00000000E+000  0.00000000E+000  0.28463312E-021  0.00000000E+000  0.29595748E-024  0.41421204E-031  0.00000000E+000  0.00000000E+000  0.00000000E+000  0.00000000E+000  0.00000000E+000  0.11301440E-032  0.00000000E+000  0.00000000E+000  0.00000000E+000  0.00000000E+000
  0.11475310E-003  0.14160533E-004  0.10000000E+003  0.48544265E-025  0.00000000E+000  0.00000000E+000  0.00000000E+000  0.28448316E-021  0.00000000E+000  0.29573507E-024  0.41250053E-031  0.00000000E+000  0.00000000E+000  0.00000000E+000  0.00000000E+000  0.00000000E+000  0.11322220E-032  0.00000000E+000  0.00000000E+000  0.00000000E+000  0.00000000E+000
  0.12559725E-003  0.15498700E-004  0.10000000E+003  0.48751783E-025  0.00000000E+000  0.00000000E+000  0.00000000E+000  0.28430072E-021  0.00000000E+000  0.29549088E-024  0.41063265E-031  0.00000000E+000  0.00000000E+000  0.00000000E+000  0.00000000E+000  0.00000000E+000  0.11333548E-032  0.00000000E+000  0.00000000E+000  0.00000000E+000  0.00000000E+000
  0.13746616E-003  0.16963325E-004  0.10000000E+003  0.48975212E-025  0.00000000E+000  0.00000000E+000  0.00000000E+000  0.28411784E-021  0.00000000E+000  0.29522597E-024  0.40859475E-031  0.00000000E+000  0.00000000E+000  0.00000000E+000  0.00000000E+000  0.00000000E+000  0.11354329E-032  0.00000000E+000  0.00000000E+000  0.00000000E+000  0.00000000E+000
  0.15045669E-003  0.18566355E-004  0.10000000E+003  0.49221653E-025  0.00000000E+000  0.00000000E+000  0.00000000E+000  0.28390973E-021  0.00000000E+000  0.29493630E-024  0.40637214E-031  0.00000000E+000  0.00000000E+000  0.00000000E+000  0.00000000E+000  0.00000000E+000  0.11371713E-032  0.00000000E+000  0.00000000E+000  0.00000000E+000  0.00000000E+000
  0.16467482E-003  0.20320872E-004  0.10000000E+003  0.49490867E-025  0.00000000E+000  0.00000000E+000  0.00000000E+000  0.28368433E-021  0.00000000E+000  0.29461961E-024  0.40394944E-031  0.00000000E+000  0.00000000E+000  0.00000000E+000  0.00000000E+000  0.00000000E+000  0.11390669E-032  0.00000000E+000  0.00000000E+000  0.00000000E+000  0.00000000E+000
  0.18023655E-003  0.22241191E-004  0.10000000E+003  0.49787101E-025  0.00000000E+000  0.00000000E+000  0.00000000E+000  0.28343254E-021  0.00000000E+000  0.29427507E-024  0.40130910E-031  0.00000000E+000  0.00000000E+000  0.00000000E+000  0.00000000E+000  0.00000000E+000  0.11407009E-032  0.00000000E+000  0.00000000E+000  0.00000000E+000  0.00000000E+000
  0.19726887E-003  0.24342979E-004  0.10000000E+003  0.50108656E-025  0.00000000E+000  0.00000000E+000  0.00000000E+000  0.28316794E-021  0.00000000E+000  0.29389973E-024  0.39843300E-031  0.00000000E+000  0.00000000E+000  0.00000000E+000  0.00000000E+000  0.00000000E+000  0.11429501E-032  0.00000000E+000  0.00000000E+000  0.00000000E+000  0.00000000E+000
  0.21591074E-003  0.26643385E-004  0.10000000E+003  0.50462426E-025  0.00000000E+000  0.00000000E+000  0.00000000E+000  0.28287282E-021  0.00000000E+000  0.29349151E-024  0.39530195E-031  0.00000000E+000  0.00000000E+000  0.00000000E+000  0.00000000E+000  0.00000000E+000  0.11448577E-032  0.00000000E+000  0.00000000E+000  0.00000000E+000  0.00000000E+000
  0.23631426E-003  0.29161180E-004  0.10000000E+003  0.50844644E-025  0.00000000E+000  0.00000000E+000  0.00000000E+000  0.28256985E-021  0.00000000E+000  0.29304829E-024  0.39189510E-031  0.00000000E+000  0.00000000E+000  0.00000000E+000  0.00000000E+000  0.00000000E+000  0.11478941E-032  0.00000000E+000  0.00000000E+000  0.00000000E+000  0.00000000E+000
  0.25864591E-003  0.31916905E-004  0.10000000E+003  0.51268390E-025  0.00000000E+000  0.00000000E+000  0.00000000E+000  0.28221666E-021  0.00000000E+000  0.29256414E-024  0.38819092E-031  0.00000000E+000  0.00000000E+000  0.00000000E+000  0.00000000E+000  0.00000000E+000  0.11496503E-032  0.00000000E+000  0.00000000E+000  0.00000000E+000  0.00000000E+000
  0.28308790E-003  0.34933046E-004  0.10000000E+003  0.51728816E-025  0.00000000E+000  0.00000000E+000  0.00000000E+000  0.28184337E-021  0.00000000E+000  0.29203918E-024  0.38416596E-031  0.00000000E+000  0.00000000E+000  0.00000000E+000  0.00000000E+000  0.00000000E+000  0.11520460E-032  0.00000000E+000  0.00000000E+000  0.00000000E+000  0.00000000E+000
  0.30983965E-003  0.38234212E-004  0.10000000E+003  0.52232993E-025  0.00000000E+000  0.00000000E+000  0.00000000E+000  0.28143397E-021  0.00000000E+000  0.29146928E-024  0.37979583E-031  0.00000000E+000  0.00000000E+000  0.00000000E+000  0.00000000E+000  0.00000000E+000  0.11542051E-032  0.00000000E+000  0.00000000E+000  0.00000000E+000  0.00000000E+000
  0.33911943E-003  0.41847338E-004  0.10000000E+003  0.52779586E-025  0.00000000E+000  0.00000000E+000  0.00000000E+000  0.28100451E-021  0.00000000E+000  0.29085197E-024  0.37505557E-031  0.00000000E+000  0.00000000E+000  0.00000000E+000  0.00000000E+000  0.00000000E+000  0.11572558E-032  0.00000000E+000  0.00000000E+000  0.00000000E+000  0.00000000E+000
  0.37116615E-003  0.45801903E-004  0.10000000E+003  0.53379317E-025  0.00000000E+000  0.00000000E+000  0.00000000E+000  0.28052545E-021  0.00000000E+000  0.29018133E-024  0.36991932E-031  0.00000000E+000  0.00000000E+000  0.00000000E+000  0.00000000E+000  0.00000000E+000  0.11595306E-032  0.00000000E+000  0.00000000E+000  0.00000000E+000  0.00000000E+000
  0.40624128E-003  0.50130173E-004  0.10000000E+003  0.54030278E-025  0.00000000E+000  0.00000000E+000  0.00000000E+000  0.28001906E-021  0.00000000E+000  0.28945760E-024  0.36435972E-031  0.00000000E+000  0.00000000E+000  0.00000000E+000  0.00000000E+000  0.00000000E+000  0.11625041E-032  0.00000000E+000  0.00000000E+000  0.00000000E+000  0.00000000E+000
  0.44463099E-003  0.54867465E-004  0.10000000E+003  0.54743374E-025  0.00000000E+000  0.00000000E+000  0.00000000E+000  0.27945400E-021  0.00000000E+000  0.28867345E-024  0.35835084E-031  0.00000000E+000  0.00000000E+000  0.00000000E+000  0.00000000E+000  0.00000000E+000  0.11644909E-032  0.00000000E+000  0.00000000E+000  0.00000000E+000  0.00000000E+000
  0.48664853E-003  0.60052429E-004  0.10000000E+003  0.55521466E-025  0.00000000E+000  0.00000000E+000  0.00000000E+000  0.27883428E-021  0.00000000E+000  0.28782639E-024  0.35186420E-031  0.00000000E+000  0.00000000E+000  0.00000000E+000  0.00000000E+000  0.00000000E+000  0.11658235E-032  0.00000000E+000  0.00000000E+000  0.00000000E+000  0.00000000E+000
  0.53263672E-003  0.65727372E-004  0.10000000E+003  0.56360229E-025  0.00000000E+000  0.00000000E+000  0.00000000E+000  0.27819097E-021  0.00000000E+000  0.28691714E-024  0.34487423E-031  0.00000000E+000  0.00000000E+000  0.00000000E+000  0.00000000E+000  0.00000000E+000  0.11686284E-032  0.00000000E+000  0.00000000E+000  0.00000000E+000  0.00000000E+000
  0.58297079E-003  0.71938595E-004  0.10000000E+003  0.57280850E-025  0.00000000E+000  0.00000000E+000  0.00000000E+000  0.27745405E-021  0.00000000E+000  0.28593473E-024  0.33735701E-031  0.00000000E+000  0.00000000E+000  0.00000000E+000  0.00000000E+000  0.00000000E+000  0.11687882E-032  0.00000000E+000  0.00000000E+000  0.00000000E+000  0.00000000E+000
  0.63806141E-003  0.78736778E-004  0.10000000E+003  0.58270849E-025  0.00000000E+000  0.00000000E+000  0.00000000E+000  0.27668381E-021  0.00000000E+000  0.28488369E-024  0.32928797E-031  0.00000000E+000  0.00000000E+000  0.00000000E+000  0.00000000E+000  0.00000000E+000  0.11703297E-032  0.00000000E+000  0.00000000E+000  0.00000000E+000  0.00000000E+000
  0.69835808E-003  0.86177388E-004  0.10000000E+003  0.59351628E-025  0.00000000E+000  0.00000000E+000  0.00000000E+000  0.27580938E-021  0.00000000E+000  0.28375590E-024  0.32064873E-031  0.00000000E+000  0.00000000E+000  0.00000000E+000  0.00000000E+000  0.00000000E+000  0.11691262E-032  0.00000000E+000  0.00000000E+000  0.00000000E+000  0.00000000E+000
  0.76435278E-003  0.94321133E-004  0.10000000E+003  0.60501632E-025  0.00000000E+000  0.00000000E+000  0.00000000E+000  0.27491564E-021  0.00000000E+000  0.28255524E-024  0.31142206E-031  0.00000000E+000  0.00000000E+000  0.00000000E+000  0.00000000E+000  0.00000000E+000  0.11709545E-032  0.00000000E+000  0.00000000E+000  0.00000000E+000  0.00000000E+000
  0.83658397E-003  0.10323446E-003  0.10000000E+003  0.61760274E-025  0.00000000E+000  0.00000000E+000  0.00000000E+000  0.27385818E-021  0.00000000E+000  0.28127163E-024  0.30160115E-031  0.00000000E+000  0.00000000E+000  0.00000000E+000  0.00000000E+000  0.00000000E+000  0.11673287E-032  0.00000000E+000  0.00000000E+000  0.00000000E+000  0.00000000E+000
  0.91564098E-003  0.11299010E-003  0.10000000E+003  0.63098657E-025  0.00000000E+000  0.00000000E+000  0.00000000E+000  0.27274079E-021  0.00000000E+000  0.27991304E-024  0.29118140E-031  0.00000000E+000  0.00000000E+000  0.00000000E+000  0.00000000E+000  0.00000000E+000  0.11654331E-032  0.00000000E+000  0.00000000E+000  0.00000000E+000  0.00000000E+000
  0.10021689E-002  0.12366764E-003  0.10000000E+003  0.64536442E-025  0.00000000E+000  0.00000000E+000  0.00000000E+000  0.27147889E-021  0.00000000E+000  0.27847656E-024  0.28017103E-031  0.00000000E+000  0.00000000E+000  0.00000000E+000  0.00000000E+000  0.00000000E+000  0.11609152E-032  0.00000000E+000  0.00000000E+000  0.00000000E+000  0.00000000E+000
  0.10968736E-002  0.13535421E-003  0.10000000E+003  0.66059854E-025  0.00000000E+000  0.00000000E+000  0.00000000E+000  0.27009805E-021  0.00000000E+000  0.27696755E-024  0.26858719E-031  0.00000000E+000  0.00000000E+000  0.00000000E+000  0.00000000E+000  0.00000000E+000  0.11567764E-032  0.00000000E+000  0.00000000E+000  0.00000000E+000  0.00000000E+000
  0.12005280E-002  0.14814515E-003  0.10000000E+003  0.67683032E-025  0.00000000E+000  0.00000000E+000  0.00000000E+000  0.26850816E-021  0.00000000E+000  0.27538303E-024  0.25646121E-031  0.00000000E+000  0.00000000E+000  0.00000000E+000  0.00000000E+000  0.00000000E+000  0.11489000E-032  0.00000000E+000  0.00000000E+000  0.00000000E+000  0.00000000E+000
  0.13139776E-002  0.16214484E-003  0.10000000E+003  0.69388085E-025  0.00000000E+000  0.00000000E+000  0.00000000E+000  0.26672549E-021  0.00000000E+000  0.27373702E-024  0.24383811E-031  0.00000000E+000  0.00000000E+000  0.00000000E+000  0.00000000E+000  0.00000000E+000  0.11406203E-032  0.00000000E+000  0.00000000E+000  0.00000000E+000  0.00000000E+000
  0.14381482E-002  0.17746749E-003  0.10000000E+003  0.71161061E-025  0.00000000E+000  0.00000000E+000  0.00000000E+000  0.26472380E-021  0.00000000E+000  0.27203446E-024  0.23077793E-031  0.00000000E+000  0.00000000E+000  0.00000000E+000  0.00000000E+000  0.00000000E+000  0.11331502E-032  0.00000000E+000  0.00000000E+000  0.00000000E+000  0.00000000E+000
  0.15740530E-002  0.19423814E-003  0.10000000E+003  0.72995840E-025  0.00000000E+000  0.00000000E+000  0.00000000E+000  0.26243200E-021  0.00000000E+000  0.27028536E-024  0.21736095E-031  0.00000000E+000  0.00000000E+000  0.00000000E+000  0.00000000E+000  0.00000000E+000  0.11256180E-032  0.00000000E+000  0.00000000E+000  0.00000000E+000  0.00000000E+000
  0.17228007E-002  0.21259360E-003  0.10000000E+003  0.74884788E-025  0.00000000E+000  0.00000000E+000  0.00000000E+000  0.25976106E-021  0.00000000E+000  0.26850128E-024  0.20368269E-031  0.00000000E+000  0.00000000E+000  0.00000000E+000  0.00000000E+000  0.00000000E+000  0.11167251E-032  0.00000000E+000  0.00000000E+000  0.00000000E+000  0.00000000E+000
  0.18856050E-002  0.23268365E-003  0.10000000E+003  0.76799912E-025  0.00000000E+000  0.00000000E+000  0.00000000E+000  0.25666754E-021  0.00000000E+000  0.26669541E-024  0.18985230E-031  0.00000000E+000  0.00000000E+000  0.00000000E+000  0.00000000E+000  0.00000000E+000  0.11090214E-032  0.00000000E+000  0.00000000E+000  0.00000000E+000  0.00000000E+000
  0.20637943E-002  0.25467221E-003  0.10000000E+003  0.78708126E-025  0.00000000E+000  0.00000000E+000  0.00000000E+000  0.25310941E-021  0.00000000E+000  0.26488584E-024  0.17599390E-031  0.00000000E+000  0.00000000E+000  0.00000000E+000  0.00000000E+000  0.00000000E+000  0.11061129E-032  0.00000000E+000  0.00000000E+000  0.00000000E+000  0.00000000E+000
  0.22588224E-002  0.27873868E-003  0.10000000E+003  0.80580044E-025  0.00000000E+000  0.00000000E+000  0.00000000E+000  0.24901810E-021  0.00000000E+000  0.26309135E-024  0.16223870E-031  0.00000000E+000  0.00000000E+000  0.00000000E+000  0.00000000E+000  0.00000000E+000  0.11105462E-032  0.00000000E+000  0.00000000E+000  0.00000000E+000  0.00000000E+000
  0.24722807E-002  0.30507943E-003  0.10000000E+003  0.82381189E-025  0.00000000E+000  0.00000000E+000  0.00000000E+000  0.24432876E-021  0.00000000E+000  0.26132888E-024  0.14872111E-031  0.00000000E+000  0.00000000E+000  0.00000000E+000  0.00000000E+000  0.00000000E+000  0.11259322E-032  0.00000000E+000  0.00000000E+000  0.00000000E+000  0.00000000E+000
  0.27059107E-002  0.33390938E-003  0.10000000E+003  0.84079659E-025  0.00000000E+000  0.00000000E+000  0.00000000E+000  0.23896540E-021  0.00000000E+000  0.25961327E-024  0.13557053E-031  0.00000000E+000  0.00000000E+000  0.00000000E+000  0.00000000E+000  0.00000000E+000  0.11554848E-032  0.00000000E+000  0.00000000E+000  0.00000000E+000  0.00000000E+000
  0.29616187E-002  0.36546375E-003  0.10000000E+003  0.85636586E-025  0.00000000E+000  0.00000000E+000  0.00000000E+000  0.23288922E-021  0.00000000E+000  0.25795963E-024  0.12290247E-031  0.00000000E+000  0.00000000E+000  0.00000000E+000  0.00000000E+000  0.00000000E+000  0.12052793E-032  0.00000000E+000  0.00000000E+000  0.00000000E+000  0.00000000E+000
  0.32414911E-002  0.40000000E-003  0.10000000E+003  0.87008498E-025  0.00000000E+000  0.00000000E+000  0.00000000E+000  0.22609627E-021  0.00000000E+000  0.25638038E-024  0.11081524E-031  0.00000000E+000  0.00000000E+000  0.00000000E+000  0.00000000E+000  0.00000000E+000  0.12847912E-032  0.00000000E+000  0.00000000E+000  0.00000000E+000  0.00000000E+000
  0.35478113E-002  0.43779992E-003  0.10000000E+003  0.88156991E-025  0.00000000E+000  0.00000000E+000  0.00000000E+000  0.21859158E-021  0.00000000E+000  0.25488652E-024  0.99378089E-032  0.00000000E+000  0.00000000E+000  0.00000000E+000  0.00000000E+000  0.00000000E+000  0.14051742E-032  0.00000000E+000  0.00000000E+000  0.00000000E+000  0.00000000E+000
  0.38830788E-002  0.47917192E-003  0.10000000E+003  0.89025847E-025  0.00000000E+000  0.00000000E+000  0.00000000E+000  0.21051702E-021  0.00000000E+000  0.25349786E-024  0.88635651E-032  0.00000000E+000  0.00000000E+000  0.00000000E+000  0.00000000E+000  0.00000000E+000  0.15942557E-032  0.00000000E+000  0.00000000E+000  0.00000000E+000  0.00000000E+000
  0.42500290E-002  0.52445357E-003  0.10000000E+003  0.89638228E-025  0.00000000E+000  0.00000000E+000  0.00000000E+000  0.20150299E-021  0.00000000E+000  0.25217894E-024  0.78605361E-032  0.00000000E+000  0.00000000E+000  0.00000000E+000  0.00000000E+000  0.00000000E+000  0.18286059E-032  0.00000000E+000  0.00000000E+000  0.00000000E+000  0.00000000E+000
  0.46516559E-002  0.57401433E-003  0.10000000E+003  0.89875851E-025  0.00000000E+000  0.00000000E+000  0.00000000E+000  0.19207250E-021  0.00000000E+000  0.25096931E-024  0.69291049E-032  0.00000000E+000  0.00000000E+000  0.00000000E+000  0.00000000E+000  0.00000000E+000  0.21891227E-032  0.00000000E+000  0.00000000E+000  0.00000000E+000  0.00000000E+000
  0.50912364E-002  0.62825857E-003  0.10000000E+003  0.89729543E-025  0.00000000E+000  0.00000000E+000  0.00000000E+000  0.18198411E-021  0.00000000E+000  0.24983771E-024  0.60679921E-032  0.00000000E+000  0.00000000E+000  0.00000000E+000  0.00000000E+000  0.00000000E+000  0.26741145E-032  0.00000000E+000  0.00000000E+000  0.00000000E+000  0.00000000E+000
  0.55723572E-002  0.68762888E-003  0.10000000E+003  0.89120254E-025  0.00000000E+000  0.00000000E+000  0.00000000E+000  0.17147207E-021  0.00000000E+000  0.24880239E-024  0.52761410E-032  0.00000000E+000  0.00000000E+000  0.00000000E+000  0.00000000E+000  0.00000000E+000  0.33586311E-032  0.00000000E+000  0.00000000E+000  0.00000000E+000  0.00000000E+000
  0.60989439E-002  0.75260967E-003  0.10000000E+003  0.87977245E-025  0.00000000E+000  0.00000000E+000  0.00000000E+000  0.16061759E-021  0.00000000E+000  0.24785592E-024  0.45524727E-032  0.00000000E+000  0.00000000E+000  0.00000000E+000  0.00000000E+000  0.00000000E+000  0.43102758E-032  0.00000000E+000  0.00000000E+000  0.00000000E+000  0.00000000E+000
  0.66752928E-002  0.82373113E-003  0.10000000E+003  0.86213588E-025  0.00000000E+000  0.00000000E+000  0.00000000E+000  0.14960578E-021  0.00000000E+000  0.24699503E-024  0.38970909E-032  0.00000000E+000  0.00000000E+000  0.00000000E+000  0.00000000E+000  0.00000000E+000  0.56360681E-032  0.00000000E+000  0.00000000E+000  0.00000000E+000  0.00000000E+000
  0.73061067E-002  0.90157356E-003  0.10000000E+003  0.83750130E-025  0.00000000E+000  0.00000000E+000  0.00000000E+000  0.13867162E-021  0.00000000E+000  0.24622878E-024  0.33102657E-032  0.00000000E+000  0.00000000E+000  0.00000000E+000  0.00000000E+000  0.00000000E+000  0.74881482E-032  0.00000000E+000  0.00000000E+000  0.00000000E+000  0.00000000E+000
  0.79965323E-002  0.98677208E-003  0.10000000E+003  0.80524366E-025  0.00000000E+000  0.00000000E+000  0.00000000E+000  0.12815001E-021  0.00000000E+000  0.24556007E-024  0.27932869E-032  0.00000000E+000  0.00000000E+000  0.00000000E+000  0.00000000E+000  0.00000000E+000  0.10108603E-031  0.00000000E+000  0.00000000E+000  0.00000000E+000  0.00000000E+000
  0.87522030E-002  0.10800218E-002  0.10000000E+003  0.76544397E-025  0.00000000E+000  0.00000000E+000  0.00000000E+000  0.11816746E-021  0.00000000E+000  0.24497555E-024  0.23458991E-032  0.00000000E+000  0.00000000E+000  0.00000000E+000  0.00000000E+000  0.00000000E+000  0.13636336E-031  0.00000000E+000  0.00000000E+000  0.00000000E+000  0.00000000E+000
  0.95792844E-002  0.11820837E-002  0.10000000E+003  0.71912714E-025  0.00000000E+000  0.00000000E+000  0.00000000E+000  0.10905204E-021  0.00000000E+000  0.24448026E-024  0.19669258E-032  0.00000000E+000  0.00000000E+000  0.00000000E+000  0.00000000E+000  0.00000000E+000  0.18354818E-031  0.00000000E+000  0.00000000E+000  0.00000000E+000  0.00000000E+000
  0.10484525E-001  0.12937904E-002  0.10000000E+003  0.66875597E-025  0.00000000E+000  0.00000000E+000  0.00000000E+000  0.10099812E-021  0.00000000E+000  0.24406968E-024  0.16529418E-032  0.00000000E+000  0.00000000E+000  0.00000000E+000  0.00000000E+000  0.00000000E+000  0.24487537E-031  0.00000000E+000  0.00000000E+000  0.00000000E+000  0.00000000E+000
  0.11475310E-001  0.14160533E-002  0.10000000E+003  0.61813126E-025  0.00000000E+000  0.00000000E+000  0.00000000E+000  0.94096657E-022  0.00000000E+000  0.24373599E-024  0.13979774E-032  0.00000000E+000  0.00000000E+000  0.00000000E+000  0.00000000E+000  0.00000000E+000  0.32189306E-031  0.00000000E+000  0.00000000E+000  0.00000000E+000  0.00000000E+000
  0.12559725E-001  0.15498700E-002  0.10000000E+003  0.57156330E-025  0.00000000E+000  0.00000000E+000  0.00000000E+000  0.88317509E-022  0.00000000E+000  0.24346831E-024  0.11936984E-032  0.00000000E+000  0.00000000E+000  0.00000000E+000  0.00000000E+000  0.00000000E+000  0.41534263E-031  0.00000000E+000  0.00000000E+000  0.00000000E+000  0.00000000E+000
  0.13746616E-001  0.16963325E-002  0.10000000E+003  0.53248625E-025  0.00000000E+000  0.00000000E+000  0.00000000E+000  0.83524991E-022  0.00000000E+000  0.24325376E-024  0.10302706E-032  0.00000000E+000  0.00000000E+000  0.00000000E+000  0.00000000E+000  0.00000000E+000  0.52580025E-031  0.00000000E+000  0.00000000E+000  0.00000000E+000  0.00000000E+000
  0.15045669E-001  0.18566355E-002  0.10000000E+003  0.50237987E-025  0.00000000E+000  0.00000000E+000  0.00000000E+000  0.79522518E-022  0.00000000E+000  0.24307931E-024  0.89772803E-033  0.00000000E+000  0.00000000E+000  0.00000000E+000  0.00000000E+000  0.00000000E+000  0.65495567E-031  0.00000000E+000  0.00000000E+000  0.00000000E+000  0.00000000E+000
  0.16467482E-001  0.20320872E-002  0.10000000E+003  0.48075587E-025  0.00000000E+000  0.00000000E+000  0.00000000E+000  0.76106795E-022  0.00000000E+000  0.24293352E-024  0.78733860E-033  0.00000000E+000  0.00000000E+000  0.00000000E+000  0.00000000E+000  0.00000000E+000  0.80679782E-031  0.00000000E+000  0.00000000E+000  0.00000000E+000  0.00000000E+000
  0.18023655E-001  0.22241191E-002  0.10000000E+003  0.46603990E-025  0.00000000E+000  0.00000000E+000  0.00000000E+000  0.73109114E-022  0.00000000E+000  0.24280764E-024  0.69245280E-033  0.00000000E+000  0.00000000E+000  0.00000000E+000  0.00000000E+000  0.00000000E+000  0.98813740E-031  0.00000000E+000  0.00000000E+000  0.00000000E+000  0.00000000E+000
  0.19726887E-001  0.24342979E-002  0.10000000E+003  0.45658343E-025  0.00000000E+000  0.00000000E+000  0.00000000E+000  0.70413203E-022  0.00000000E+000  0.24269584E-024  0.60866224E-033  0.00000000E+000  0.00000000E+000  0.00000000E+000  0.00000000E+000  0.00000000E+000  0.12085980E-030  0.00000000E+000  0.00000000E+000  0.00000000E+000  0.00000000E+000
  0.21591074E-001  0.26643385E-002  0.10000000E+003  0.45129138E-025  0.00000000E+000  0.00000000E+000  0.00000000E+000  0.67953246E-022  0.00000000E+000  0.24259472E-024  0.53345006E-033  0.00000000E+000  0.00000000E+000  0.00000000E+000  0.00000000E+000  0.00000000E+000  0.14805501E-030  0.00000000E+000  0.00000000E+000  0.00000000E+000  0.00000000E+000
  0.23631426E-001  0.29161180E-002  0.10000000E+003  0.44984187E-025  0.00000000E+000  0.00000000E+000  0.00000000E+000  0.65701670E-022  0.00000000E+000  0.24250258E-024  0.46563590E-033  0.00000000E+000  0.00000000E+000  0.00000000E+000  0.00000000E+000  0.00000000E+000  0.18195490E-030  0.00000000E+000  0.00000000E+000  0.00000000E+000  0.00000000E+000
  0.25864591E-001  0.31916905E-002  0.10000000E+003  0.45269550E-025  0.00000000E+000  0.00000000E+000  0.00000000E+000  0.63654684E-022  0.00000000E+000  0.24241869E-024  0.40483797E-033  0.00000000E+000  0.00000000E+000  0.00000000E+000  0.00000000E+000  0.00000000E+000  0.22449237E-030  0.00000000E+000  0.00000000E+000  0.00000000E+000  0.00000000E+000
  0.28308790E-001  0.34933046E-002  0.10000000E+003  0.46107332E-025  0.00000000E+000  0.00000000E+000  0.00000000E+000  0.61819645E-022  0.00000000E+000  0.24234271E-024  0.35104791E-033  0.00000000E+000  0.00000000E+000  0.00000000E+000  0.00000000E+000  0.00000000E+000  0.27808965E-030  0.00000000E+000  0.00000000E+000  0.00000000E+000  0.00000000E+000
  0.30983965E-001  0.38234212E-002  0.10000000E+003  0.47700775E-025  0.00000000E+000  0.00000000E+000  0.00000000E+000  0.60205367E-022  0.00000000E+000  0.24227429E-024  0.30432669E-033  0.00000000E+000  0.00000000E+000  0.00000000E+000  0.00000000E+000  0.00000000E+000  0.34613273E-030  0.00000000E+000  0.00000000E+000  0.00000000E+000  0.00000000E+000
  0.33911943E-001  0.41847338E-002  0.10000000E+003  0.50352851E-025  0.00000000E+000  0.00000000E+000  0.00000000E+000  0.58815302E-022  0.00000000E+000  0.24221275E-024  0.26459749E-033  0.00000000E+000  0.00000000E+000  0.00000000E+000  0.00000000E+000  0.00000000E+000  0.43392242E-030  0.00000000E+000  0.00000000E+000  0.00000000E+000  0.00000000E+000
  0.37116615E-001  0.45801903E-002  0.10000000E+003  0.54506312E-025  0.00000000E+000  0.00000000E+000  0.00000000E+000  0.57643264E-022  0.00000000E+000  0.24215692E-024  0.23151531E-033  0.00000000E+000  0.00000000E+000  0.00000000E+000  0.00000000E+000  0.00000000E+000  0.55089076E-030  0.00000000E+000  0.00000000E+000  0.00000000E+000  0.00000000E+000
  0.40624128E-001  0.50130173E-002  0.10000000E+003  0.60823157E-025  0.00000000E+000  0.00000000E+000  0.00000000E+000  0.56671389E-022  0.00000000E+000  0.24210490E-024  0.20441257E-033  0.00000000E+000  0.00000000E+000  0.00000000E+000  0.00000000E+000  0.00000000E+000  0.71563698E-030  0.00000000E+000  0.00000000E+000  0.00000000E+000  0.00000000E+000
  0.44463099E-001  0.54867465E-002  0.10000000E+003  0.70346920E-025  0.00000000E+000  0.00000000E+000  0.00000000E+000  0.55870191E-022  0.00000000E+000  0.24205361E-024  0.18233182E-033  0.00000000E+000  0.00000000E+000  0.00000000E+000  0.00000000E+000  0.00000000E+000  0.96667946E-030  0.00000000E+000  0.00000000E+000  0.00000000E+000  0.00000000E+000
  0.48664853E-001  0.60052429E-002  0.10000000E+003  0.84850748E-025  0.00000000E+000  0.00000000E+000  0.00000000E+000  0.55201280E-022  0.00000000E+000  0.24199808E-024  0.16414051E-033  0.00000000E+000  0.00000000E+000  0.00000000E+000  0.00000000E+000  0.00000000E+000  0.13873327E-029  0.00000000E+000  0.00000000E+000  0.00000000E+000  0.00000000E+000
  0.53263672E-001  0.65727372E-002  0.10000000E+003  0.10762874E-024  0.00000000E+000  0.00000000E+000  0.00000000E+000  0.54622070E-022  0.00000000E+000  0.24192991E-024  0.14868274E-033  0.00000000E+000  0.00000000E+000  0.00000000E+000  0.00000000E+000  0.00000000E+000  0.21685782E-029  0.00000000E+000  0.00000000E+000  0.00000000E+000  0.00000000E+000
  0.58297079E-001  0.71938595E-002  0.10000000E+003  0.14546259E-024  0.00000000E+000  0.00000000E+000  0.00000000E+000  0.54088809E-022  0.00000000E+000  0.24183323E-024  0.13489096E-033  0.00000000E+000  0.00000000E+000  0.00000000E+000  0.00000000E+000  0.00000000E+000  0.37834123E-029  0.00000000E+000  0.00000000E+000  0.00000000E+000  0.00000000E+000
  0.63806141E-001  0.78736778E-002  0.10000000E+003  0.21424260E-024  0.00000000E+000  0.00000000E+000  0.00000000E+000  0.53551866E-022  0.00000000E+000  0.24167230E-024  0.12178126E-033  0.00000000E+000  0.00000000E+000  0.00000000E+000  0.00000000E+000  0.00000000E+000  0.75100997E-029  0.00000000E+000  0.00000000E+000  0.00000000E+000  0.00000000E+000
  0.69835808E-001  0.86177388E-002  0.10000000E+003  0.35886390E-024  0.00000000E+000  0.00000000E+000  0.00000000E+000  0.52930252E-022  0.00000000E+000  0.24134633E-024  0.10826826E-033  0.00000000E+000  0.00000000E+000  0.00000000E+000  0.00000000E+000  0.00000000E+000  0.17053720E-028  0.00000000E+000  0.00000000E+000  0.00000000E+000  0.00000000E+000
  0.76435278E-001  0.94321133E-002  0.10000000E+003  0.75322509E-024  0.00000000E+000  0.00000000E+000  0.00000000E+000  0.52001436E-022  0.00000000E+000  0.24046422E-024  0.92773128E-034  0.00000000E+000  0.00000000E+000  0.00000000E+000  0.00000000E+000  0.00000000E+000  0.43279862E-028  0.00000000E+000  0.00000000E+000  0.00000000E+000  0.00000000E+000
  0.83658397E-001  0.10323446E-001  0.10000000E+003  0.25782600E-023  0.00000000E+000  0.00000000E+000  0.00000000E+000  0.49613673E-022  0.00000000E+000  0.23655459E-024  0.72718756E-034  0.00000000E+000  0.00000000E+000  0.00000000E+000  0.00000000E+000  0.00000000E+000  0.12420536E-027  0.00000000E+000  0.00000000E+000  0.00000000E+000  0.00000000E+000
  0.91564098E-001  0.11299010E-001  0.10000000E+003  0.11502976E-022  0.00000000E+000  0.00000000E+000  0.00000000E+000  0.42408006E-022  0.00000000E+000  0.22137846E-024  0.54016822E-034  0.00000000E+000  0.00000000E+000  0.00000000E+000  0.00000000E+000  0.00000000E+000  0.30586556E-027  0.00000000E+000  0.00000000E+000  0.00000000E+000  0.00000000E+000
  0.10021689E+000  0.12366764E-001  0.10000000E+003  0.27112709E-022  0.00000000E+000  0.00000000E+000  0.00000000E+000  0.33778686E-022  0.00000000E+000  0.20205446E-024  0.47314340E-034  0.00000000E+000  0.00000000E+000  0.00000000E+000  0.00000000E+000  0.00000000E+000  0.35023083E-027  0.00000000E+000  0.00000000E+000  0.00000000E+000  0.00000000E+000
  0.10968736E+000  0.13535421E-001  0.10000000E+003  0.41627812E-022  0.00000000E+000  0.00000000E+000  0.00000000E+000  0.27354815E-022  0.00000000E+000  0.18765279E-024  0.44897545E-034  0.00000000E+000  0.00000000E+000  0.00000000E+000  0.00000000E+000  0.00000000E+000  0.30699906E-027  0.00000000E+000  0.00000000E+000  0.00000000E+000  0.00000000E+000
  0.12005280E+000  0.14814515E-001  0.10000000E+003  0.52944839E-022  0.00000000E+000  0.00000000E+000  0.00000000E+000  0.22895660E-022  0.00000000E+000  0.17774526E-024  0.43699990E-034  0.00000000E+000  0.00000000E+000  0.00000000E+000  0.00000000E+000  0.00000000E+000  0.25809369E-027  0.00000000E+000  0.00000000E+000  0.00000000E+000  0.00000000E+000
  0.13139776E+000  0.16214484E-001  0.10000000E+003  0.61653459E-022  0.00000000E+000  0.00000000E+000  0.00000000E+000  0.19685817E-022  0.00000000E+000  0.17067400E-024  0.42986075E-034  0.00000000E+000  0.00000000E+000  0.00000000E+000  0.00000000E+000  0.00000000E+000  0.21864804E-027  0.00000000E+000  0.00000000E+000  0.00000000E+000  0.00000000E+000
  0.14381482E+000  0.17746749E-001  0.10000000E+003  0.68512074E-022  0.00000000E+000  0.00000000E+000  0.00000000E+000  0.17264035E-022  0.00000000E+000  0.16537538E-024  0.42521533E-034  0.00000000E+000  0.00000000E+000  0.00000000E+000  0.00000000E+000  0.00000000E+000  0.18896137E-027  0.00000000E+000  0.00000000E+000  0.00000000E+000  0.00000000E+000
  0.15740530E+000  0.19423814E-001  0.10000000E+003  0.74060944E-022  0.00000000E+000  0.00000000E+000  0.00000000E+000  0.15362878E-022  0.00000000E+000  0.16123822E-024  0.42207836E-034  0.00000000E+000  0.00000000E+000  0.00000000E+000  0.00000000E+000  0.00000000E+000  0.16708370E-027  0.00000000E+000  0.00000000E+000  0.00000000E+000  0.00000000E+000
  0.17228007E+000  0.21259360E-001  0.10000000E+003  0.78657845E-022  0.00000000E+000  0.00000000E+000  0.00000000E+000  0.13823042E-022  0.00000000E+000  0.15790146E-024  0.41993760E-034  0.00000000E+000  0.00000000E+000  0.00000000E+000  0.00000000E+000  0.00000000E+000  0.15148060E-027  0.00000000E+000  0.00000000E+000  0.00000000E+000  0.00000000E+000
  0.18856050E+000  0.23268365E-001  0.10000000E+003  0.82542032E-022  0.00000000E+000  0.00000000E+000  0.00000000E+000  0.12544815E-022  0.00000000E+000  0.15514080E-024  0.41848311E-034  0.00000000E+000  0.00000000E+000  0.00000000E+000  0.00000000E+000  0.00000000E+000  0.14036173E-027  0.00000000E+000  0.00000000E+000  0.00000000E+000  0.00000000E+000
  0.20637943E+000  0.25467221E-001  0.10000000E+003  0.85878092E-022  0.00000000E+000  0.00000000E+000  0.00000000E+000  0.11462672E-022  0.00000000E+000  0.15280982E-024  0.41750771E-034  0.00000000E+000  0.00000000E+000  0.00000000E+000  0.00000000E+000  0.00000000E+000  0.13285975E-027  0.00000000E+000  0.00000000E+000  0.00000000E+000  0.00000000E+000
  0.22588224E+000  0.27873868E-001  0.10000000E+003  0.88782699E-022  0.00000000E+000  0.00000000E+000  0.00000000E+000  0.10531707E-022  0.00000000E+000  0.15080875E-024  0.41686495E-034  0.00000000E+000  0.00000000E+000  0.00000000E+000  0.00000000E+000  0.00000000E+000  0.12772243E-027  0.00000000E+000  0.00000000E+000  0.00000000E+000  0.00000000E+000
  0.24722807E+000  0.30507943E-001  0.10000000E+003  0.91340805E-022  0.00000000E+000  0.00000000E+000  0.00000000E+000  0.97200651E-023  0.00000000E+000  0.14906692E-024  0.41644896E-034  0.00000000E+000  0.00000000E+000  0.00000000E+000  0.00000000E+000  0.00000000E+000  0.12451496E-027  0.00000000E+000  0.00000000E+000  0.00000000E+000  0.00000000E+000
  0.27059107E+000  0.33390938E-001  0.10000000E+003  0.93615650E-022  0.00000000E+000  0.00000000E+000  0.00000000E+000  0.90045207E-023  0.00000000E+000  0.14753376E-024  0.41618341E-034  0.00000000E+000  0.00000000E+000  0.00000000E+000  0.00000000E+000  0.00000000E+000  0.12260777E-027  0.00000000E+000  0.00000000E+000  0.00000000E+000  0.00000000E+000
  0.29616187E+000  0.36546375E-001  0.10000000E+003  0.95655168E-022  0.00000000E+000  0.00000000E+000  0.00000000E+000  0.83677708E-023  0.00000000E+000  0.14617136E-024  0.41601428E-034  0.00000000E+000  0.00000000E+000  0.00000000E+000  0.00000000E+000  0.00000000E+000  0.12152502E-027  0.00000000E+000  0.00000000E+000  0.00000000E+000  0.00000000E+000
  0.32414911E+000  0.40000000E-001  0.10000000E+003  0.97496231E-022  0.00000000E+000  0.00000000E+000  0.00000000E+000  0.77966963E-023  0.00000000E+000  0.14495109E-024  0.41590452E-034  0.00000000E+000  0.00000000E+000  0.00000000E+000  0.00000000E+000  0.00000000E+000  0.12130048E-027  0.00000000E+000  0.00000000E+000  0.00000000E+000  0.00000000E+000
  0.35478113E+000  0.43779992E-001  0.10000000E+003  0.99167559E-022  0.00000000E+000  0.00000000E+000  0.00000000E+000  0.72812055E-023  0.00000000E+000  0.14385092E-024  0.41582985E-034  0.00000000E+000  0.00000000E+000  0.00000000E+000  0.00000000E+000  0.00000000E+000  0.12157417E-027  0.00000000E+000  0.00000000E+000  0.00000000E+000  0.00000000E+000
  0.38830788E+000  0.47917192E-001  0.10000000E+003  0.10069179E-021  0.00000000E+000  0.00000000E+000  0.00000000E+000  0.68134297E-023  0.00000000E+000  0.14285373E-024  0.41577501E-034  0.00000000E+000  0.00000000E+000  0.00000000E+000  0.00000000E+000  0.00000000E+000  0.12219781E-027  0.00000000E+000  0.00000000E+000  0.00000000E+000  0.00000000E+000
  0.42500290E+000  0.52445357E-001  0.10000000E+003  0.10208698E-021  0.00000000E+000  0.00000000E+000  0.00000000E+000  0.63871549E-023  0.00000000E+000  0.14194597E-024  0.41573092E-034  0.00000000E+000  0.00000000E+000  0.00000000E+000  0.00000000E+000  0.00000000E+000  0.12332995E-027  0.00000000E+000  0.00000000E+000  0.00000000E+000  0.00000000E+000
  0.46516559E+000  0.57401433E-001  0.10000000E+003  0.10336767E-021  0.00000000E+000  0.00000000E+000  0.00000000E+000  0.59974111E-023  0.00000000E+000  0.14111682E-024  0.41569245E-034  0.00000000E+000  0.00000000E+000  0.00000000E+000  0.00000000E+000  0.00000000E+000  0.12497632E-027  0.00000000E+000  0.00000000E+000  0.00000000E+000  0.00000000E+000
  0.50912364E+000  0.62825857E-001  0.10000000E+003  0.10454575E-021  0.00000000E+000  0.00000000E+000  0.00000000E+000  0.56401723E-023  0.00000000E+000  0.14035752E-024  0.41565681E-034  0.00000000E+000  0.00000000E+000  0.00000000E+000  0.00000000E+000  0.00000000E+000  0.12695343E-027  0.00000000E+000  0.00000000E+000  0.00000000E+000  0.00000000E+000
  0.55723572E+000  0.68762888E-001  0.10000000E+003  0.10563103E-021  0.00000000E+000  0.00000000E+000  0.00000000E+000  0.53121365E-023  0.00000000E+000  0.13966087E-024  0.41562249E-034  0.00000000E+000  0.00000000E+000  0.00000000E+000  0.00000000E+000  0.00000000E+000  0.12930613E-027  0.00000000E+000  0.00000000E+000  0.00000000E+000  0.00000000E+000
  0.60989439E+000  0.75260967E-001  0.10000000E+003  0.10663166E-021  0.00000000E+000  0.00000000E+000  0.00000000E+000  0.50105644E-023  0.00000000E+000  0.13902091E-024  0.41558857E-034  0.00000000E+000  0.00000000E+000  0.00000000E+000  0.00000000E+000  0.00000000E+000  0.13248522E-027  0.00000000E+000  0.00000000E+000  0.00000000E+000  0.00000000E+000
  0.66752928E+000  0.82373113E-001  0.10000000E+003  0.10755455E-021  0.00000000E+000  0.00000000E+000  0.00000000E+000  0.47331595E-023  0.00000000E+000  0.13843265E-024  0.41555449E-034  0.00000000E+000  0.00000000E+000  0.00000000E+000  0.00000000E+000  0.00000000E+000  0.13633505E-027  0.00000000E+000  0.00000000E+000  0.00000000E+000  0.00000000E+000
  0.73061067E+000  0.90157356E-001  0.10000000E+003  0.10840556E-021  0.00000000E+000  0.00000000E+000  0.00000000E+000  0.44779767E-023  0.00000000E+000  0.13789185E-024  0.41551975E-034  0.00000000E+000  0.00000000E+000  0.00000000E+000  0.00000000E+000  0.00000000E+000  0.14082140E-027  0.00000000E+000  0.00000000E+000  0.00000000E+000  0.00000000E+000
  0.79965323E+000  0.98677208E-001  0.10000000E+003  0.10918967E-021  0.00000000E+000  0.00000000E+000  0.00000000E+000  0.42433668E-023  0.00000000E+000  0.13739493E-024  0.41548396E-034  0.00000000E+000  0.00000000E+000  0.00000000E+000  0.00000000E+000  0.00000000E+000  0.14606972E-027  0.00000000E+000  0.00000000E+000  0.00000000E+000  0.00000000E+000
  0.87522030E+000  0.10800218E+000  0.10000000E+003  0.10991125E-021  0.00000000E+000  0.00000000E+000  0.00000000E+000  0.40278924E-023  0.00000000E+000  0.13693877E-024  0.41544655E-034  0.00000000E+000  0.00000000E+000  0.00000000E+000  0.00000000E+000  0.00000000E+000  0.15273392E-027  0.00000000E+000  0.00000000E+000  0.00000000E+000  0.00000000E+000
  0.95792844E+000  0.11820837E+000  0.10000000E+003  0.11057418E-021  0.00000000E+000  0.00000000E+000  0.00000000E+000  0.38302865E-023  0.00000000E+000  0.13652061E-024  0.41540687E-034  0.00000000E+000  0.00000000E+000  0.00000000E+000  0.00000000E+000  0.00000000E+000  0.16080985E-027  0.00000000E+000  0.00000000E+000  0.00000000E+000  0.00000000E+000
  0.10484525E+001  0.12937904E+000  0.10000000E+003  0.11118184E-021  0.00000000E+000  0.00000000E+000  0.00000000E+000  0.36494404E-023  0.00000000E+000  0.13613807E-024  0.41536425E-034  0.00000000E+000  0.00000000E+000  0.00000000E+000  0.00000000E+000  0.00000000E+000  0.17032350E-027  0.00000000E+000  0.00000000E+000  0.00000000E+000  0.00000000E+000
  0.11475310E+001  0.14160533E+000  0.10000000E+003  0.11173731E-021  0.00000000E+000  0.00000000E+000  0.00000000E+000  0.34843611E-023  0.00000000E+000  0.13578898E-024  0.41531785E-034  0.00000000E+000  0.00000000E+000  0.00000000E+000  0.00000000E+000  0.00000000E+000  0.18160257E-027  0.00000000E+000  0.00000000E+000  0.00000000E+000  0.00000000E+000
  0.12559725E+001  0.15498700E+000  0.10000000E+003  0.11224338E-021  0.00000000E+000  0.00000000E+000  0.00000000E+000  0.33341456E-023  0.00000000E+000  0.13547140E-024  0.41526659E-034  0.00000000E+000  0.00000000E+000  0.00000000E+000  0.00000000E+000  0.00000000E+000  0.19567569E-027  0.00000000E+000  0.00000000E+000  0.00000000E+000  0.00000000E+000
  0.13746616E+001  0.16963325E+000  0.10000000E+003  0.11270265E-021  0.00000000E+000  0.00000000E+000  0.00000000E+000  0.31979610E-023  0.00000000E+000  0.13518354E-024  0.41520917E-034  0.00000000E+000  0.00000000E+000  0.00000000E+000  0.00000000E+000  0.00000000E+000  0.21334443E-027  0.00000000E+000  0.00000000E+000  0.00000000E+000  0.00000000E+000
  0.15045669E+001  0.18566355E+000  0.10000000E+003  0.11311759E-021  0.00000000E+000  0.00000000E+000  0.00000000E+000  0.30750261E-023  0.00000000E+000  0.13492371E-024  0.41514404E-034  0.00000000E+000  0.00000000E+000  0.00000000E+000  0.00000000E+000  0.00000000E+000  0.23473438E-027  0.00000000E+000  0.00000000E+000  0.00000000E+000  0.00000000E+000
  0.16467482E+001  0.20320872E+000  0.10000000E+003  0.11349054E-021  0.00000000E+000  0.00000000E+000  0.00000000E+000  0.29645946E-023  0.00000000E+000  0.13469032E-024  0.41506913E-034  0.00000000E+000  0.00000000E+000  0.00000000E+000  0.00000000E+000  0.00000000E+000  0.26126934E-027  0.00000000E+000  0.00000000E+000  0.00000000E+000  0.00000000E+000
  0.18023655E+001  0.22241191E+000  0.10000000E+003  0.11382383E-021  0.00000000E+000  0.00000000E+000  0.00000000E+000  0.28659426E-023  0.00000000E+000  0.13448180E-024  0.41498176E-034  0.00000000E+000  0.00000000E+000  0.00000000E+000  0.00000000E+000  0.00000000E+000  0.29445541E-027  0.00000000E+000  0.00000000E+000  0.00000000E+000  0.00000000E+000
  0.19726887E+001  0.24342979E+000  0.10000000E+003  0.11411973E-021  0.00000000E+000  0.00000000E+000  0.00000000E+000  0.27783560E-023  0.00000000E+000  0.13429665E-024  0.41487828E-034  0.00000000E+000  0.00000000E+000  0.00000000E+000  0.00000000E+000  0.00000000E+000  0.33789878E-027  0.00000000E+000  0.00000000E+000  0.00000000E+000  0.00000000E+000
  0.21591074E+001  0.26643385E+000  0.10000000E+003  0.11439611E-021  0.00000000E+000  0.00000000E+000  0.00000000E+000  0.26965311E-023  0.00000000E+000  0.13412362E-024  0.41475352E-034  0.00000000E+000  0.00000000E+000  0.00000000E+000  0.00000000E+000  0.00000000E+000  0.39430829E-027  0.00000000E+000  0.00000000E+000  0.00000000E+000  0.00000000E+000
  0.23631426E+001  0.29161180E+000  0.10000000E+003  0.11462290E-021  0.00000000E+000  0.00000000E+000  0.00000000E+000  0.26293000E-023  0.00000000E+000  0.13398142E-024  0.41460224E-034  0.00000000E+000  0.00000000E+000  0.00000000E+000  0.00000000E+000  0.00000000E+000  0.46823398E-027  0.00000000E+000  0.00000000E+000  0.00000000E+000  0.00000000E+000
  0.25864591E+001  0.31916905E+000  0.10000000E+003  0.11481937E-021  0.00000000E+000  0.00000000E+000  0.00000000E+000  0.25709412E-023  0.00000000E+000  0.13385795E-024  0.41441513E-034  0.00000000E+000  0.00000000E+000  0.00000000E+000  0.00000000E+000  0.00000000E+000  0.56692511E-027  0.00000000E+000  0.00000000E+000  0.00000000E+000  0.00000000E+000
  0.28308790E+001  0.34933046E+000  0.10000000E+003  0.11498787E-021  0.00000000E+000  0.00000000E+000  0.00000000E+000  0.25207187E-023  0.00000000E+000  0.13375167E-024  0.41417981E-034  0.00000000E+000  0.00000000E+000  0.00000000E+000  0.00000000E+000  0.00000000E+000  0.70350902E-027  0.00000000E+000  0.00000000E+000  0.00000000E+000  0.00000000E+000
  0.30983965E+001  0.38234212E+000  0.10000000E+003  0.11513078E-021  0.00000000E+000  0.00000000E+000  0.00000000E+000  0.24778736E-023  0.00000000E+000  0.13366105E-024  0.41387803E-034  0.00000000E+000  0.00000000E+000  0.00000000E+000  0.00000000E+000  0.00000000E+000  0.90414917E-027  0.00000000E+000  0.00000000E+000  0.00000000E+000  0.00000000E+000
  0.33911943E+001  0.41847338E+000  0.10000000E+003  0.11525049E-021  0.00000000E+000  0.00000000E+000  0.00000000E+000  0.24416375E-023  0.00000000E+000  0.13358452E-024  0.41348448E-034  0.00000000E+000  0.00000000E+000  0.00000000E+000  0.00000000E+000  0.00000000E+000  0.11980891E-026  0.00000000E+000  0.00000000E+000  0.00000000E+000  0.00000000E+000
  0.37116615E+001  0.45801903E+000  0.10000000E+003  0.11534935E-021  0.00000000E+000  0.00000000E+000  0.00000000E+000  0.24111952E-023  0.00000000E+000  0.13352052E-024  0.41295940E-034  0.00000000E+000  0.00000000E+000  0.00000000E+000  0.00000000E+000  0.00000000E+000  0.16569823E-026  0.00000000E+000  0.00000000E+000  0.00000000E+000  0.00000000E+000
  0.40624128E+001  0.50130173E+000  0.10000000E+003  0.11542970E-021  0.00000000E+000  0.00000000E+000  0.00000000E+000  0.23856874E-023  0.00000000E+000  0.13346749E-024  0.41224251E-034  0.00000000E+000  0.00000000E+000  0.00000000E+000  0.00000000E+000  0.00000000E+000  0.23984373E-026  0.00000000E+000  0.00000000E+000  0.00000000E+000  0.00000000E+000
  0.44463099E+001  0.54867465E+000  0.10000000E+003  0.11549378E-021  0.00000000E+000  0.00000000E+000  0.00000000E+000  0.23641097E-023  0.00000000E+000  0.13342388E-024  0.41123350E-034  0.00000000E+000  0.00000000E+000  0.00000000E+000  0.00000000E+000  0.00000000E+000  0.36934781E-026  0.00000000E+000  0.00000000E+000  0.00000000E+000  0.00000000E+000
  0.48664853E+001  0.60052429E+000  0.10000000E+003  0.11554370E-021  0.00000000E+000  0.00000000E+000  0.00000000E+000  0.23451662E-023  0.00000000E+000  0.13338812E-024  0.40976148E-034  0.00000000E+000  0.00000000E+000  0.00000000E+000  0.00000000E+000  0.00000000E+000  0.61088582E-026  0.00000000E+000  0.00000000E+000  0.00000000E+000  0.00000000E+000
  0.53263672E+001  0.65727372E+000  0.10000000E+003  0.11558136E-021  0.00000000E+000  0.00000000E+000  0.00000000E+000  0.23271833E-023  0.00000000E+000  0.13335867E-024  0.40754774E-034  0.00000000E+000  0.00000000E+000  0.00000000E+000  0.00000000E+000  0.00000000E+000  0.10632341E-025  0.00000000E+000  0.00000000E+000  0.00000000E+000  0.00000000E+000
  0.58297079E+001  0.71938595E+000  0.10000000E+003  0.11560834E-021  0.00000000E+000  0.00000000E+000  0.00000000E+000  0.23075280E-023  0.00000000E+000  0.13333386E-024  0.40409952E-034  0.00000000E+000  0.00000000E+000  0.00000000E+000  0.00000000E+000  0.00000000E+000  0.19307326E-025  0.00000000E+000  0.00000000E+000  0.00000000E+000  0.00000000E+000
  0.63806141E+001  0.78736778E+000  0.10000000E+003  0.11562572E-021  0.00000000E+000  0.00000000E+000  0.00000000E+000  0.22808777E-023  0.00000000E+000  0.13331169E-024  0.39845238E-034  0.00000000E+000  0.00000000E+000  0.00000000E+000  0.00000000E+000  0.00000000E+000  0.37185673E-025  0.00000000E+000  0.00000000E+000  0.00000000E+000  0.00000000E+000
  0.69835808E+001  0.86177388E+000  0.10000000E+003  0.11563337E-021  0.00000000E+000  0.00000000E+000  0.00000000E+000  0.22328006E-023  0.00000000E+000  0.13328914E-024  0.38838044E-034  0.00000000E+000  0.00000000E+000  0.00000000E+000  0.00000000E+000  0.00000000E+000  0.79900534E-025  0.00000000E+000  0.00000000E+000  0.00000000E+000  0.00000000E+000
  0.76435278E+001  0.94321133E+000  0.10000000E+003  0.11562466E-021  0.00000000E+000  0.00000000E+000  0.00000000E+000  0.21123173E-023  0.00000000E+000  0.13326101E-024  0.36736427E-034  0.00000000E+000  0.00000000E+000  0.00000000E+000  0.00000000E+000  0.00000000E+000  0.20830965E-024  0.00000000E+000  0.00000000E+000  0.00000000E+000  0.00000000E+000
  0.83658397E+001  0.10323446E+001  0.10000000E+003  0.11555364E-021  0.00000000E+000  0.00000000E+000  0.00000000E+000  0.17225847E-023  0.00000000E+000  0.13322065E-024  0.31196645E-034  0.00000000E+000  0.00000000E+000  0.00000000E+000  0.00000000E+000  0.00000000E+000  0.68607578E-024  0.00000000E+000  0.00000000E+000  0.00000000E+000  0.00000000E+000
  0.91564098E+001  0.11299010E+001  0.10000000E+003  0.11520795E-021  0.00000000E+000  0.00000000E+000  0.00000000E+000  0.47094855E-024  0.00000000E+000  0.13309048E-024  0.11863003E-034  0.00000000E+000  0.00000000E+000  0.00000000E+000  0.00000000E+000  0.00000000E+000  0.27752237E-023  0.00000000E+000  0.00000000E+000  0.00000000E+000  0.00000000E+000
  0.10021689E+002  0.12366764E+001  0.10000000E+003  0.11517957E-021  0.00000000E+000  0.00000000E+000  0.00000000E+000  0.18620105E-024  0.00000000E+000  0.13286893E-024  0.48481185E-035  0.00000000E+000  0.00000000E+000  0.00000000E+000  0.00000000E+000  0.00000000E+000  0.35573860E-023  0.00000000E+000  0.00000000E+000  0.00000000E+000  0.00000000E+000
  0.10968736E+002  0.13535421E+001  0.10000000E+003  0.11541975E-021  0.00000000E+000  0.00000000E+000  0.00000000E+000  0.20814837E-024  0.00000000E+000  0.13270125E-024  0.50977958E-035  0.00000000E+000  0.00000000E+000  0.00000000E+000  0.00000000E+000  0.00000000E+000  0.35614563E-023  0.00000000E+000  0.00000000E+000  0.00000000E+000  0.00000000E+000
  0.12005280E+002  0.14814515E+001  0.10000000E+003  0.11579799E-021  0.00000000E+000  0.00000000E+000  0.00000000E+000  0.39720494E-024  0.00000000E+000  0.13258507E-024  0.74124722E-035  0.00000000E+000  0.00000000E+000  0.00000000E+000  0.00000000E+000  0.00000000E+000  0.32780916E-023  0.00000000E+000  0.00000000E+000  0.00000000E+000  0.00000000E+000
  0.13139776E+002  0.16214484E+001  0.10000000E+003  0.11601553E-021  0.00000000E+000  0.00000000E+000  0.00000000E+000  0.72409726E-024  0.00000000E+000  0.13250743E-024  0.85636792E-035  0.00000000E+000  0.00000000E+000  0.00000000E+000  0.00000000E+000  0.00000000E+000  0.28984392E-023  0.00000000E+000  0.00000000E+000  0.00000000E+000  0.00000000E+000
  0.14381482E+002  0.17746749E+001  0.10000000E+003  0.11610757E-021  0.00000000E+000  0.00000000E+000  0.00000000E+000  0.11142378E-023  0.00000000E+000  0.13244124E-024  0.86670573E-035  0.00000000E+000  0.00000000E+000  0.00000000E+000  0.00000000E+000  0.00000000E+000  0.24930113E-023  0.00000000E+000  0.00000000E+000  0.00000000E+000  0.00000000E+000
  0.15740530E+002  0.19423814E+001  0.10000000E+003  0.11618646E-021  0.00000000E+000  0.00000000E+000  0.00000000E+000  0.14280120E-023  0.00000000E+000  0.13238885E-024  0.89090512E-035  0.00000000E+000  0.00000000E+000  0.00000000E+000  0.00000000E+000  0.00000000E+000  0.21547197E-023  0.00000000E+000  0.00000000E+000  0.00000000E+000  0.00000000E+000
  0.17228007E+002  0.21259360E+001  0.10000000E+003  0.11626996E-021  0.00000000E+000  0.00000000E+000  0.00000000E+000  0.16102366E-023  0.00000000E+000  0.13235343E-024  0.94030620E-035  0.00000000E+000  0.00000000E+000  0.00000000E+000  0.00000000E+000  0.00000000E+000  0.19389905E-023  0.00000000E+000  0.00000000E+000  0.00000000E+000  0.00000000E+000
  0.18856050E+002  0.23268365E+001  0.10000000E+003  0.11632970E-021  0.00000000E+000  0.00000000E+000  0.00000000E+000  0.17015412E-023  0.00000000E+000  0.13233445E-024  0.98239129E-035  0.00000000E+000  0.00000000E+000  0.00000000E+000  0.00000000E+000  0.00000000E+000  0.18197313E-023  0.00000000E+000  0.00000000E+000  0.00000000E+000  0.00000000E+000
  0.20637943E+002  0.25467221E+001  0.10000000E+003  0.11636897E-021  0.00000000E+000  0.00000000E+000  0.00000000E+000  0.17500335E-023  0.00000000E+000  0.13232297E-024  0.10110655E-034  0.00000000E+000  0.00000000E+000  0.00000000E+000  0.00000000E+000  0.00000000E+000  0.17484848E-023  0.00000000E+000  0.00000000E+000  0.00000000E+000  0.00000000E+000
  0.22588224E+002  0.27873868E+001  0.10000000E+003  0.11639417E-021  0.00000000E+000  0.00000000E+000  0.00000000E+000  0.17765547E-023  0.00000000E+000  0.13231551E-024  0.10293718E-034  0.00000000E+000  0.00000000E+000  0.00000000E+000  0.00000000E+000  0.00000000E+000  0.17022924E-023  0.00000000E+000  0.00000000E+000  0.00000000E+000  0.00000000E+000
  0.24722807E+002  0.30507943E+001  0.10000000E+003  0.11641016E-021  0.00000000E+000  0.00000000E+000  0.00000000E+000  0.17898144E-023  0.00000000E+000  0.13231005E-024  0.10405165E-034  0.00000000E+000  0.00000000E+000  0.00000000E+000  0.00000000E+000  0.00000000E+000  0.16691776E-023  0.00000000E+000  0.00000000E+000  0.00000000E+000  0.00000000E+000
  0.27059107E+002  0.33390938E+001  0.10000000E+003  0.11641989E-021  0.00000000E+000  0.00000000E+000  0.00000000E+000  0.17953522E-023  0.00000000E+000  0.13230590E-024  0.10468540E-034  0.00000000E+000  0.00000000E+000  0.00000000E+000  0.00000000E+000  0.00000000E+000  0.16448261E-023  0.00000000E+000  0.00000000E+000  0.00000000E+000  0.00000000E+000
  0.29616187E+002  0.36546375E+001  0.10000000E+003  0.11642499E-021  0.00000000E+000  0.00000000E+000  0.00000000E+000  0.17977995E-023  0.00000000E+000  0.13230375E-024  0.10501145E-034  0.00000000E+000  0.00000000E+000  0.00000000E+000  0.00000000E+000  0.00000000E+000  0.16322197E-023  0.00000000E+000  0.00000000E+000  0.00000000E+000  0.00000000E+000
  0.32414911E+002  0.40000000E+001  0.10000000E+003  0.11642703E-021  0.00000000E+000  0.00000000E+000  0.00000000E+000  0.17984051E-023  0.00000000E+000  0.13230295E-024  0.10513061E-034  0.00000000E+000  0.00000000E+000  0.00000000E+000  0.00000000E+000  0.00000000E+000  0.16276986E-023  0.00000000E+000  0.00000000E+000  0.00000000E+000  0.00000000E+000
  0.35478113E+002  0.43779992E+001  0.10000000E+003  0.11642800E-021  0.00000000E+000  0.00000000E+000  0.00000000E+000  0.17989119E-023  0.00000000E+000  0.13230261E-024  0.10519354E-034  0.00000000E+000  0.00000000E+000  0.00000000E+000  0.00000000E+000  0.00000000E+000  0.16257573E-023  0.00000000E+000  0.00000000E+000  0.00000000E+000  0.00000000E+000
  0.38830788E+002  0.47917192E+001  0.10000000E+003  0.11642831E-021  0.00000000E+000  0.00000000E+000  0.00000000E+000  0.17990111E-023  0.00000000E+000  0.13230250E-024  0.10521101E-034  0.00000000E+000  0.00000000E+000  0.00000000E+000  0.00000000E+000  0.00000000E+000  0.16252186E-023  0.00000000E+000  0.00000000E+000  0.00000000E+000  0.00000000E+000
  0.42500290E+002  0.52445357E+001  0.10000000E+003  0.11642912E-021  0.00000000E+000  0.00000000E+000  0.00000000E+000  0.17995142E-023  0.00000000E+000  0.13230196E-024  0.10522890E-034  0.00000000E+000  0.00000000E+000  0.00000000E+000  0.00000000E+000  0.00000000E+000  0.16243727E-023  0.00000000E+000  0.00000000E+000  0.00000000E+000  0.00000000E+000
  0.46516559E+002  0.57401433E+001  0.10000000E+003  0.11642926E-021  0.00000000E+000  0.00000000E+000  0.00000000E+000  0.17997158E-023  0.00000000E+000  0.13230192E-024  0.10524203E-034  0.00000000E+000  0.00000000E+000  0.00000000E+000  0.00000000E+000  0.00000000E+000  0.16240702E-023  0.00000000E+000  0.00000000E+000  0.00000000E+000  0.00000000E+000
  0.50912364E+002  0.62825857E+001  0.10000000E+003  0.11642909E-021  0.00000000E+000  0.00000000E+000  0.00000000E+000  0.17993983E-023  0.00000000E+000  0.13230197E-024  0.10522366E-034  0.00000000E+000  0.00000000E+000  0.00000000E+000  0.00000000E+000  0.00000000E+000  0.16244795E-023  0.00000000E+000  0.00000000E+000  0.00000000E+000  0.00000000E+000
  0.55723572E+002  0.68762888E+001  0.10000000E+003  0.11642923E-021  0.00000000E+000  0.00000000E+000  0.00000000E+000  0.17996491E-023  0.00000000E+000  0.13230193E-024  0.10523851E-034  0.00000000E+000  0.00000000E+000  0.00000000E+000  0.00000000E+000  0.00000000E+000  0.16241455E-023  0.00000000E+000  0.00000000E+000  0.00000000E+000  0.00000000E+000
  0.60989439E+002  0.75260967E+001  0.10000000E+003  0.11642923E-021  0.00000000E+000  0.00000000E+000  0.00000000E+000  0.17996323E-023  0.00000000E+000  0.13230193E-024  0.10523766E-034  0.00000000E+000  0.00000000E+000  0.00000000E+000  0.00000000E+000  0.00000000E+000  0.16241675E-023  0.00000000E+000  0.00000000E+000  0.00000000E+000  0.00000000E+000
  0.66752928E+002  0.82373113E+001  0.10000000E+003  0.11642907E-021  0.00000000E+000  0.00000000E+000  0.00000000E+000  0.17993630E-023  0.00000000E+000  0.13230197E-024  0.10522183E-034  0.00000000E+000  0.00000000E+000  0.00000000E+000  0.00000000E+000  0.00000000E+000  0.16245227E-023  0.00000000E+000  0.00000000E+000  0.00000000E+000  0.00000000E+000
  0.73061067E+002  0.90157356E+001  0.10000000E+003  0.11642914E-021  0.00000000E+000  0.00000000E+000  0.00000000E+000  0.17994784E-023  0.00000000E+000  0.13230196E-024  0.10522867E-034  0.00000000E+000  0.00000000E+000  0.00000000E+000  0.00000000E+000  0.00000000E+000  0.16243702E-023  0.00000000E+000  0.00000000E+000  0.00000000E+000  0.00000000E+000
  0.79965323E+002  0.98677208E+001  0.10000000E+003  0.11642932E-021  0.00000000E+000  0.00000000E+000  0.00000000E+000  0.17997945E-023  0.00000000E+000  0.13230191E-024  0.10524729E-034  0.00000000E+000  0.00000000E+000  0.00000000E+000  0.00000000E+000  0.00000000E+000  0.16239531E-023  0.00000000E+000  0.00000000E+000  0.00000000E+000  0.00000000E+000
  0.87522030E+002  0.10800218E+002  0.10000000E+003  0.11642920E-021  0.00000000E+000  0.00000000E+000  0.00000000E+000  0.17995861E-023  0.00000000E+000  0.13230194E-024  0.10523505E-034  0.00000000E+000  0.00000000E+000  0.00000000E+000  0.00000000E+000  0.00000000E+000  0.16242278E-023  0.00000000E+000  0.00000000E+000  0.00000000E+000  0.00000000E+000
  0.95792844E+002  0.11820837E+002  0.10000000E+003  0.11642905E-021  0.00000000E+000  0.00000000E+000  0.00000000E+000  0.17993130E-023  0.00000000E+000  0.13230198E-024  0.10521897E-034  0.00000000E+000  0.00000000E+000  0.00000000E+000  0.00000000E+000  0.00000000E+000  0.16245886E-023  0.00000000E+000  0.00000000E+000  0.00000000E+000  0.00000000E+000
  0.10484525E+003  0.12937904E+002  0.10000000E+003  0.11642922E-021  0.00000000E+000  0.00000000E+000  0.00000000E+000  0.17996186E-023  0.00000000E+000  0.13230193E-024  0.10523692E-034  0.00000000E+000  0.00000000E+000  0.00000000E+000  0.00000000E+000  0.00000000E+000  0.16241858E-023  0.00000000E+000  0.00000000E+000  0.00000000E+000  0.00000000E+000
  0.11475310E+003  0.14160533E+002  0.10000000E+003  0.11642924E-021  0.00000000E+000  0.00000000E+000  0.00000000E+000  0.17996478E-023  0.00000000E+000  0.13230193E-024  0.10523867E-034  0.00000000E+000  0.00000000E+000  0.00000000E+000  0.00000000E+000  0.00000000E+000  0.16241467E-023  0.00000000E+000  0.00000000E+000  0.00000000E+000  0.00000000E+000
  0.12559725E+003  0.15498700E+002  0.10000000E+003  0.11642901E-021  0.00000000E+000  0.00000000E+000  0.00000000E+000  0.17992421E-023  0.00000000E+000  0.13230199E-024  0.10521480E-034  0.00000000E+000  0.00000000E+000  0.00000000E+000  0.00000000E+000  0.00000000E+000  0.16246819E-023  0.00000000E+000  0.00000000E+000  0.00000000E+000  0.00000000E+000
  0.13746616E+003  0.16963325E+002  0.10000000E+003  0.11642907E-021  0.00000000E+000  0.00000000E+000  0.00000000E+000  0.17993538E-023  0.00000000E+000  0.13230198E-024  0.10522137E-034  0.00000000E+000  0.00000000E+000  0.00000000E+000  0.00000000E+000  0.00000000E+000  0.16245347E-023  0.00000000E+000  0.00000000E+000  0.00000000E+000  0.00000000E+000
  0.15045669E+003  0.18566355E+002  0.10000000E+003  0.11642910E-021  0.00000000E+000  0.00000000E+000  0.00000000E+000  0.17994016E-023  0.00000000E+000  0.13230197E-024  0.10522419E-034  0.00000000E+000  0.00000000E+000  0.00000000E+000  0.00000000E+000  0.00000000E+000  0.16244714E-023  0.00000000E+000  0.00000000E+000  0.00000000E+000  0.00000000E+000
  0.16467482E+003  0.20320872E+002  0.10000000E+003  0.11642909E-021  0.00000000E+000  0.00000000E+000  0.00000000E+000  0.17993900E-023  0.00000000E+000  0.13230197E-024  0.10522351E-034  0.00000000E+000  0.00000000E+000  0.00000000E+000  0.00000000E+000  0.00000000E+000  0.16244868E-023  0.00000000E+000  0.00000000E+000  0.00000000E+000  0.00000000E+000
  0.18023655E+003  0.22241191E+002  0.10000000E+003  0.11642910E-021  0.00000000E+000  0.00000000E+000  0.00000000E+000  0.17994035E-023  0.00000000E+000  0.13230197E-024  0.10522429E-034  0.00000000E+000  0.00000000E+000  0.00000000E+000  0.00000000E+000  0.00000000E+000  0.16244693E-023  0.00000000E+000  0.00000000E+000  0.00000000E+000  0.00000000E+000
  0.19726887E+003  0.24342979E+002  0.10000000E+003  0.11642908E-021  0.00000000E+000  0.00000000E+000  0.00000000E+000  0.17993700E-023  0.00000000E+000  0.13230197E-024  0.10522233E-034  0.00000000E+000  0.00000000E+000  0.00000000E+000  0.00000000E+000  0.00000000E+000  0.16245131E-023  0.00000000E+000  0.00000000E+000  0.00000000E+000  0.00000000E+000
  0.21591074E+003  0.26643385E+002  0.10000000E+003  0.11642907E-021  0.00000000E+000  0.00000000E+000  0.00000000E+000  0.17993502E-023  0.00000000E+000  0.13230198E-024  0.10522117E-034  0.00000000E+000  0.00000000E+000  0.00000000E+000  0.00000000E+000  0.00000000E+000  0.16245393E-023  0.00000000E+000  0.00000000E+000  0.00000000E+000  0.00000000E+000
  0.23631426E+003  0.29161180E+002  0.10000000E+003  0.11642903E-021  0.00000000E+000  0.00000000E+000  0.00000000E+000  0.17992780E-023  0.00000000E+000  0.13230199E-024  0.10521690E-034  0.00000000E+000  0.00000000E+000  0.00000000E+000  0.00000000E+000  0.00000000E+000  0.16246348E-023  0.00000000E+000  0.00000000E+000  0.00000000E+000  0.00000000E+000
  0.25864591E+003  0.31916905E+002  0.10000000E+003  0.11642901E-021  0.00000000E+000  0.00000000E+000  0.00000000E+000  0.17992532E-023  0.00000000E+000  0.13230199E-024  0.10521546E-034  0.00000000E+000  0.00000000E+000  0.00000000E+000  0.00000000E+000  0.00000000E+000  0.16246673E-023  0.00000000E+000  0.00000000E+000  0.00000000E+000  0.00000000E+000
  0.28308790E+003  0.34933046E+002  0.10000000E+003  0.11642902E-021  0.00000000E+000  0.00000000E+000  0.00000000E+000  0.17992666E-023  0.00000000E+000  0.13230199E-024  0.10521625E-034  0.00000000E+000  0.00000000E+000  0.00000000E+000  0.00000000E+000  0.00000000E+000  0.16246495E-023  0.00000000E+000  0.00000000E+000  0.00000000E+000  0.00000000E+000
  0.30983965E+003  0.38234212E+002  0.10000000E+003  0.11642907E-021  0.00000000E+000  0.00000000E+000  0.00000000E+000  0.17993588E-023  0.00000000E+000  0.13230197E-024  0.10522168E-034  0.00000000E+000  0.00000000E+000  0.00000000E+000  0.00000000E+000  0.00000000E+000  0.16245279E-023  0.00000000E+000  0.00000000E+000  0.00000000E+000  0.00000000E+000
  0.33911943E+003  0.41847338E+002  0.10000000E+003  0.11642907E-021  0.00000000E+000  0.00000000E+000  0.00000000E+000  0.17993605E-023  0.00000000E+000  0.13230197E-024  0.10522177E-034  0.00000000E+000  0.00000000E+000  0.00000000E+000  0.00000000E+000  0.00000000E+000  0.16245257E-023  0.00000000E+000  0.00000000E+000  0.00000000E+000  0.00000000E+000
  0.37116615E+003  0.45801903E+002  0.10000000E+003  0.11642901E-021  0.00000000E+000  0.00000000E+000  0.00000000E+000  0.17992485E-023  0.00000000E+000  0.13230199E-024  0.10521517E-034  0.00000000E+000  0.00000000E+000  0.00000000E+000  0.00000000E+000  0.00000000E+000  0.16246737E-023  0.00000000E+000  0.00000000E+000  0.00000000E+000  0.00000000E+000
  0.40624128E+003  0.50130173E+002  0.10000000E+003  0.11642903E-021  0.00000000E+000  0.00000000E+000  0.00000000E+000  0.17992768E-023  0.00000000E+000  0.13230199E-024  0.10521685E-034  0.00000000E+000  0.00000000E+000  0.00000000E+000  0.00000000E+000  0.00000000E+000  0.16246361E-023  0.00000000E+000  0.00000000E+000  0.00000000E+000  0.00000000E+000
  0.44463099E+003  0.54867465E+002  0.10000000E+003  0.11642904E-021  0.00000000E+000  0.00000000E+000  0.00000000E+000  0.17993057E-023  0.00000000E+000  0.13230198E-024  0.10521855E-034  0.00000000E+000  0.00000000E+000  0.00000000E+000  0.00000000E+000  0.00000000E+000  0.16245980E-023  0.00000000E+000  0.00000000E+000  0.00000000E+000  0.00000000E+000
  0.48664853E+003  0.60052429E+002  0.10000000E+003  0.11642910E-021  0.00000000E+000  0.00000000E+000  0.00000000E+000  0.17993985E-023  0.00000000E+000  0.13230197E-024  0.10522401E-034  0.00000000E+000  0.00000000E+000  0.00000000E+000  0.00000000E+000  0.00000000E+000  0.16244755E-023  0.00000000E+000  0.00000000E+000  0.00000000E+000  0.00000000E+000
  0.53263672E+003  0.65727372E+002  0.10000000E+003  0.11642909E-021  0.00000000E+000  0.00000000E+000  0.00000000E+000  0.17993947E-023  0.00000000E+000  0.13230197E-024  0.10522378E-034  0.00000000E+000  0.00000000E+000  0.00000000E+000  0.00000000E+000  0.00000000E+000  0.16244806E-023  0.00000000E+000  0.00000000E+000  0.00000000E+000  0.00000000E+000
  0.58297079E+003  0.71938595E+002  0.10000000E+003  0.11642903E-021  0.00000000E+000  0.00000000E+000  0.00000000E+000  0.17992872E-023  0.00000000E+000  0.13230199E-024  0.10521746E-034  0.00000000E+000  0.00000000E+000  0.00000000E+000  0.00000000E+000  0.00000000E+000  0.16246223E-023  0.00000000E+000  0.00000000E+000  0.00000000E+000  0.00000000E+000
  0.63806141E+003  0.78736778E+002  0.10000000E+003  0.11642905E-021  0.00000000E+000  0.00000000E+000  0.00000000E+000  0.17993247E-023  0.00000000E+000  0.13230198E-024  0.10521967E-034  0.00000000E+000  0.00000000E+000  0.00000000E+000  0.00000000E+000  0.00000000E+000  0.16245729E-023  0.00000000E+000  0.00000000E+000  0.00000000E+000  0.00000000E+000
  0.69835808E+003  0.86177388E+002  0.10000000E+003  0.11642906E-021  0.00000000E+000  0.00000000E+000  0.00000000E+000  0.17993388E-023  0.00000000E+000  0.13230198E-024  0.10522050E-034  0.00000000E+000  0.00000000E+000  0.00000000E+000  0.00000000E+000  0.00000000E+000  0.16245543E-023  0.00000000E+000  0.00000000E+000  0.00000000E+000  0.00000000E+000
  0.76435278E+003  0.94321133E+002  0.10000000E+003  0.11642909E-021  0.00000000E+000  0.00000000E+000  0.00000000E+000  0.17993878E-023  0.00000000E+000  0.13230197E-024  0.10522338E-034  0.00000000E+000  0.00000000E+000  0.00000000E+000  0.00000000E+000  0.00000000E+000  0.16244896E-023  0.00000000E+000  0.00000000E+000  0.00000000E+000  0.00000000E+000
  0.83658397E+003  0.10323446E+003  0.10000000E+003  0.11642909E-021  0.00000000E+000  0.00000000E+000  0.00000000E+000  0.17993878E-023  0.00000000E+000  0.13230197E-024  0.10522338E-034  0.00000000E+000  0.00000000E+000  0.00000000E+000  0.00000000E+000  0.00000000E+000  0.16244896E-023  0.00000000E+000  0.00000000E+000  0.00000000E+000  0.00000000E+000
  0.91564098E+003  0.11299010E+003  0.10000000E+003  0.11642909E-021  0.00000000E+000  0.00000000E+000  0.00000000E+000  0.17993878E-023  0.00000000E+000  0.13230197E-024  0.10522338E-034  0.00000000E+000  0.00000000E+000  0.00000000E+000  0.00000000E+000  0.00000000E+000  0.16244896E-023  0.00000000E+000  0.00000000E+000  0.00000000E+000  0.00000000E+000
  0.10021689E+004  0.12366764E+003  0.10000000E+003  0.11642909E-021  0.00000000E+000  0.00000000E+000  0.00000000E+000  0.17993878E-023  0.00000000E+000  0.13230197E-024  0.10522338E-034  0.00000000E+000  0.00000000E+000  0.00000000E+000  0.00000000E+000  0.00000000E+000  0.16244896E-023  0.00000000E+000  0.00000000E+000  0.00000000E+000  0.00000000E+000
  0.10968736E+004  0.13535421E+003  0.10000000E+003  0.11642909E-021  0.00000000E+000  0.00000000E+000  0.00000000E+000  0.17993878E-023  0.00000000E+000  0.13230197E-024  0.10522338E-034  0.00000000E+000  0.00000000E+000  0.00000000E+000  0.00000000E+000  0.00000000E+000  0.16244896E-023  0.00000000E+000  0.00000000E+000  0.00000000E+000  0.00000000E+000
  0.12005280E+004  0.14814515E+003  0.10000000E+003  0.11642909E-021  0.00000000E+000  0.00000000E+000  0.00000000E+000  0.17993878E-023  0.00000000E+000  0.13230197E-024  0.10522338E-034  0.00000000E+000  0.00000000E+000  0.00000000E+000  0.00000000E+000  0.00000000E+000  0.16244896E-023  0.00000000E+000  0.00000000E+000  0.00000000E+000  0.00000000E+000
  0.13139776E+004  0.16214484E+003  0.10000000E+003  0.11642909E-021  0.00000000E+000  0.00000000E+000  0.00000000E+000  0.17993878E-023  0.00000000E+000  0.13230197E-024  0.10522338E-034  0.00000000E+000  0.00000000E+000  0.00000000E+000  0.00000000E+000  0.00000000E+000  0.16244896E-023  0.00000000E+000  0.00000000E+000  0.00000000E+000  0.00000000E+000
  0.14381482E+004  0.17746749E+003  0.10000000E+003  0.11642909E-021  0.00000000E+000  0.00000000E+000  0.00000000E+000  0.17993878E-023  0.00000000E+000  0.13230197E-024  0.10522338E-034  0.00000000E+000  0.00000000E+000  0.00000000E+000  0.00000000E+000  0.00000000E+000  0.16244896E-023  0.00000000E+000  0.00000000E+000  0.00000000E+000  0.00000000E+000
  0.15740530E+004  0.19423814E+003  0.10000000E+003  0.11642909E-021  0.00000000E+000  0.00000000E+000  0.00000000E+000  0.17993878E-023  0.00000000E+000  0.13230197E-024  0.10522338E-034  0.00000000E+000  0.00000000E+000  0.00000000E+000  0.00000000E+000  0.00000000E+000  0.16244896E-023  0.00000000E+000  0.00000000E+000  0.00000000E+000  0.00000000E+000
  0.17228007E+004  0.21259360E+003  0.10000000E+003  0.11642909E-021  0.00000000E+000  0.00000000E+000  0.00000000E+000  0.17993878E-023  0.00000000E+000  0.13230197E-024  0.10522338E-034  0.00000000E+000  0.00000000E+000  0.00000000E+000  0.00000000E+000  0.00000000E+000  0.16244896E-023  0.00000000E+000  0.00000000E+000  0.00000000E+000  0.00000000E+000
  0.18856050E+004  0.23268365E+003  0.10000000E+003  0.11642909E-021  0.00000000E+000  0.00000000E+000  0.00000000E+000  0.17993878E-023  0.00000000E+000  0.13230197E-024  0.10522338E-034  0.00000000E+000  0.00000000E+000  0.00000000E+000  0.00000000E+000  0.00000000E+000  0.16244896E-023  0.00000000E+000  0.00000000E+000  0.00000000E+000  0.00000000E+000
  0.20637943E+004  0.25467221E+003  0.10000000E+003  0.11642909E-021  0.00000000E+000  0.00000000E+000  0.00000000E+000  0.17993878E-023  0.00000000E+000  0.13230197E-024  0.10522338E-034  0.00000000E+000  0.00000000E+000  0.00000000E+000  0.00000000E+000  0.00000000E+000  0.16244896E-023  0.00000000E+000  0.00000000E+000  0.00000000E+000  0.00000000E+000
  0.22588224E+004  0.27873868E+003  0.10000000E+003  0.11642909E-021  0.00000000E+000  0.00000000E+000  0.00000000E+000  0.17993878E-023  0.00000000E+000  0.13230197E-024  0.10522338E-034  0.00000000E+000  0.00000000E+000  0.00000000E+000  0.00000000E+000  0.00000000E+000  0.16244896E-023  0.00000000E+000  0.00000000E+000  0.00000000E+000  0.00000000E+000
  0.24722807E+004  0.30507943E+003  0.10000000E+003  0.11642909E-021  0.00000000E+000  0.00000000E+000  0.00000000E+000  0.17993878E-023  0.00000000E+000  0.13230197E-024  0.10522338E-034  0.00000000E+000  0.00000000E+000  0.00000000E+000  0.00000000E+000  0.00000000E+000  0.16244896E-023  0.00000000E+000  0.00000000E+000  0.00000000E+000  0.00000000E+000
  0.27059107E+004  0.33390938E+003  0.10000000E+003  0.11642909E-021  0.00000000E+000  0.00000000E+000  0.00000000E+000  0.17993878E-023  0.00000000E+000  0.13230197E-024  0.10522338E-034  0.00000000E+000  0.00000000E+000  0.00000000E+000  0.00000000E+000  0.00000000E+000  0.16244896E-023  0.00000000E+000  0.00000000E+000  0.00000000E+000  0.00000000E+000
  0.29616187E+004  0.36546375E+003  0.10000000E+003  0.11642909E-021  0.00000000E+000  0.00000000E+000  0.00000000E+000  0.17993878E-023  0.00000000E+000  0.13230197E-024  0.10522338E-034  0.00000000E+000  0.00000000E+000  0.00000000E+000  0.00000000E+000  0.00000000E+000  0.16244896E-023  0.00000000E+000  0.00000000E+000  0.00000000E+000  0.00000000E+000
  0.32414911E+004  0.40000000E+003  0.10000000E+003  0.11642909E-021  0.00000000E+000  0.00000000E+000  0.00000000E+000  0.17993878E-023  0.00000000E+000  0.13230197E-024  0.10522338E-034  0.00000000E+000  0.00000000E+000  0.00000000E+000  0.00000000E+000  0.00000000E+000  0.16244896E-023  0.00000000E+000  0.00000000E+000  0.00000000E+000  0.00000000E+000

