  CHEM COMPR PHOTO ENTHALPIC PHOTOAV CR DUST XRAY VISC CUSTOM ZCIE                      
  0.32414911E-006  0.40000000E-007  0.10000000E+003  0.90843920E-028  0.00000000E+000  0.11904234E-019  0.00000000E+000  0.23425766E-024  0.12301412E-025  0.38144134E-023  0.00000000E+000  0.00000000E+000  0.00000000E+000  0.00000000E+000
  0.35478113E-006  0.43779992E-007  0.10000000E+003  0.90845190E-028  0.00000000E+000  0.11904022E-019  0.00000000E+000  0.23426216E-024  0.12301423E-025  0.38144129E-023  0.00000000E+000  0.00000000E+000  0.00000000E+000  0.00000000E+000
  0.38830788E-006  0.47917192E-007  0.10000000E+003  0.90846367E-028  0.00000000E+000  0.11903791E-019  0.00000000E+000  0.23426576E-024  0.12301441E-025  0.38144137E-023  0.00000000E+000  0.00000000E+000  0.00000000E+000  0.00000000E+000
  0.42500290E-006  0.52445357E-007  0.10000000E+003  0.90847577E-028  0.00000000E+000  0.11903541E-019  0.00000000E+000  0.23426874E-024  0.12301462E-025  0.38144121E-023  0.00000000E+000  0.00000000E+000  0.00000000E+000  0.00000000E+000
  0.46516559E-006  0.57401433E-007  0.10000000E+003  0.90849240E-028  0.00000000E+000  0.11903262E-019  0.00000000E+000  0.23427485E-024  0.12301474E-025  0.38144116E-023  0.00000000E+000  0.00000000E+000  0.00000000E+000  0.00000000E+000
  0.50912364E-006  0.62825857E-007  0.10000000E+003  0.90850370E-028  0.00000000E+000  0.11902964E-019  0.00000000E+000  0.23427610E-024  0.12301511E-025  0.38144121E-023  0.00000000E+000  0.00000000E+000  0.00000000E+000  0.00000000E+000
  0.55723572E-006  0.68762888E-007  0.10000000E+003  0.90853068E-028  0.00000000E+000  0.11902626E-019  0.00000000E+000  0.23428885E-024  0.12301508E-025  0.38144133E-023  0.00000000E+000  0.00000000E+000  0.00000000E+000  0.00000000E+000
  0.60989439E-006  0.75260967E-007  0.10000000E+003  0.90853808E-028  0.00000000E+000  0.11902274E-019  0.00000000E+000  0.23428553E-024  0.12301569E-025  0.38144124E-023  0.00000000E+000  0.00000000E+000  0.00000000E+000  0.00000000E+000
  0.66752928E-006  0.82373113E-007  0.10000000E+003  0.90855790E-028  0.00000000E+000  0.11901881E-019  0.00000000E+000  0.23429077E-024  0.12301601E-025  0.38144109E-023  0.00000000E+000  0.00000000E+000  0.00000000E+000  0.00000000E+000
  0.73061067E-006  0.90157356E-007  0.10000000E+003  0.90858278E-028  0.00000000E+000  0.11901444E-019  0.00000000E+000  0.23429947E-024  0.12301626E-025  0.38144116E-023  0.00000000E+000  0.00000000E+000  0.00000000E+000  0.00000000E+000
  0.79965323E-006  0.98677208E-007  0.10000000E+003  0.90860066E-028  0.00000000E+000  0.11900976E-019  0.00000000E+000  0.23430149E-024  0.12301682E-025  0.38144110E-023  0.00000000E+000  0.00000000E+000  0.00000000E+000  0.00000000E+000
  0.87522030E-006  0.10800218E-006  0.10000000E+003  0.90862919E-028  0.00000000E+000  0.11900456E-019  0.00000000E+000  0.23431066E-024  0.12301715E-025  0.38144095E-023  0.00000000E+000  0.00000000E+000  0.00000000E+000  0.00000000E+000
  0.95792844E-006  0.11820837E-006  0.10000000E+003  0.90865446E-028  0.00000000E+000  0.11899889E-019  0.00000000E+000  0.23431638E-024  0.12301770E-025  0.38144103E-023  0.00000000E+000  0.00000000E+000  0.00000000E+000  0.00000000E+000
  0.10484525E-005  0.12937904E-006  0.10000000E+003  0.90868910E-028  0.00000000E+000  0.11899272E-019  0.00000000E+000  0.23432718E-024  0.12301812E-025  0.38144080E-023  0.00000000E+000  0.00000000E+000  0.00000000E+000  0.00000000E+000
  0.11475310E-005  0.14160533E-006  0.10000000E+003  0.90872762E-028  0.00000000E+000  0.11898585E-019  0.00000000E+000  0.23434061E-024  0.12301849E-025  0.38144079E-023  0.00000000E+000  0.00000000E+000  0.00000000E+000  0.00000000E+000
  0.12559725E-005  0.15498700E-006  0.10000000E+003  0.90875437E-028  0.00000000E+000  0.11897858E-019  0.00000000E+000  0.23434214E-024  0.12301945E-025  0.38144057E-023  0.00000000E+000  0.00000000E+000  0.00000000E+000  0.00000000E+000
  0.13746616E-005  0.16963325E-006  0.10000000E+003  0.90880485E-028  0.00000000E+000  0.11897025E-019  0.00000000E+000  0.23436204E-024  0.12301974E-025  0.38144068E-023  0.00000000E+000  0.00000000E+000  0.00000000E+000  0.00000000E+000
  0.15045669E-005  0.18566355E-006  0.10000000E+003  0.90884690E-028  0.00000000E+000  0.11896134E-019  0.00000000E+000  0.23437271E-024  0.12302053E-025  0.38144075E-023  0.00000000E+000  0.00000000E+000  0.00000000E+000  0.00000000E+000
  0.16467482E-005  0.20320872E-006  0.10000000E+003  0.90890076E-028  0.00000000E+000  0.11895166E-019  0.00000000E+000  0.23438931E-024  0.12302125E-025  0.38144070E-023  0.00000000E+000  0.00000000E+000  0.00000000E+000  0.00000000E+000
  0.18023655E-005  0.22241191E-006  0.10000000E+003  0.90895135E-028  0.00000000E+000  0.11894091E-019  0.00000000E+000  0.23440296E-024  0.12302209E-025  0.38144053E-023  0.00000000E+000  0.00000000E+000  0.00000000E+000  0.00000000E+000
  0.19726887E-005  0.24342979E-006  0.10000000E+003  0.90900702E-028  0.00000000E+000  0.11892931E-019  0.00000000E+000  0.23441660E-024  0.12302317E-025  0.38144058E-023  0.00000000E+000  0.00000000E+000  0.00000000E+000  0.00000000E+000
  0.21591074E-005  0.26643385E-006  0.10000000E+003  0.90907228E-028  0.00000000E+000  0.11891646E-019  0.00000000E+000  0.23443600E-024  0.12302410E-025  0.38144044E-023  0.00000000E+000  0.00000000E+000  0.00000000E+000  0.00000000E+000
  0.23631426E-005  0.29161180E-006  0.10000000E+003  0.90913983E-028  0.00000000E+000  0.11890251E-019  0.00000000E+000  0.23445339E-024  0.12302533E-025  0.38144047E-023  0.00000000E+000  0.00000000E+000  0.00000000E+000  0.00000000E+000
  0.25864591E-005  0.31916905E-006  0.10000000E+003  0.90921855E-028  0.00000000E+000  0.11888720E-019  0.00000000E+000  0.23447631E-024  0.12302648E-025  0.38144021E-023  0.00000000E+000  0.00000000E+000  0.00000000E+000  0.00000000E+000
  0.28308790E-005  0.34933046E-006  0.10000000E+003  0.90930453E-028  0.00000000E+000  0.11887045E-019  0.00000000E+000  0.23450125E-024  0.12302780E-025  0.38144031E-023  0.00000000E+000  0.00000000E+000  0.00000000E+000  0.00000000E+000
  0.30983965E-005  0.38234212E-006  0.10000000E+003  0.90939517E-028  0.00000000E+000  0.11885217E-019  0.00000000E+000  0.23452556E-024  0.12302935E-025  0.38144026E-023  0.00000000E+000  0.00000000E+000  0.00000000E+000  0.00000000E+000
  0.33911943E-005  0.41847338E-006  0.10000000E+003  0.90949467E-028  0.00000000E+000  0.11883215E-019  0.00000000E+000  0.23455257E-024  0.12303100E-025  0.38144013E-023  0.00000000E+000  0.00000000E+000  0.00000000E+000  0.00000000E+000
  0.37116615E-005  0.45801903E-006  0.10000000E+003  0.90960387E-028  0.00000000E+000  0.11881016E-019  0.00000000E+000  0.23458308E-024  0.12303272E-025  0.38143985E-023  0.00000000E+000  0.00000000E+000  0.00000000E+000  0.00000000E+000
  0.40624128E-005  0.50130173E-006  0.10000000E+003  0.90972535E-028  0.00000000E+000  0.11878611E-019  0.00000000E+000  0.23461763E-024  0.12303463E-025  0.38143990E-023  0.00000000E+000  0.00000000E+000  0.00000000E+000  0.00000000E+000
  0.44463099E-005  0.54867465E-006  0.10000000E+003  0.90985451E-028  0.00000000E+000  0.11875989E-019  0.00000000E+000  0.23465206E-024  0.12303673E-025  0.38143898E-023  0.00000000E+000  0.00000000E+000  0.00000000E+000  0.00000000E+000
  0.48664853E-005  0.60052429E-006  0.10000000E+003  0.91000117E-028  0.00000000E+000  0.11873107E-019  0.00000000E+000  0.23469459E-024  0.12303895E-025  0.38143898E-023  0.00000000E+000  0.00000000E+000  0.00000000E+000  0.00000000E+000
  0.53263672E-005  0.65727372E-006  0.10000000E+003  0.91016001E-028  0.00000000E+000  0.11869957E-019  0.00000000E+000  0.23473964E-024  0.12304145E-025  0.38143906E-023  0.00000000E+000  0.00000000E+000  0.00000000E+000  0.00000000E+000
  0.58297079E-005  0.71938595E-006  0.10000000E+003  0.91032706E-028  0.00000000E+000  0.11866530E-019  0.00000000E+000  0.23478239E-024  0.12304446E-025  0.38143877E-023  0.00000000E+000  0.00000000E+000  0.00000000E+000  0.00000000E+000
  0.63806141E-005  0.78736778E-006  0.10000000E+003  0.91051685E-028  0.00000000E+000  0.11862749E-019  0.00000000E+000  0.23483676E-024  0.12304733E-025  0.38143842E-023  0.00000000E+000  0.00000000E+000  0.00000000E+000  0.00000000E+000
  0.69835808E-005  0.86177388E-006  0.10000000E+003  0.91073309E-028  0.00000000E+000  0.11858619E-019  0.00000000E+000  0.23490180E-024  0.12305036E-025  0.38143837E-023  0.00000000E+000  0.00000000E+000  0.00000000E+000  0.00000000E+000
  0.76435278E-005  0.94321133E-006  0.10000000E+003  0.91095046E-028  0.00000000E+000  0.11854117E-019  0.00000000E+000  0.23495773E-024  0.12305424E-025  0.38143805E-023  0.00000000E+000  0.00000000E+000  0.00000000E+000  0.00000000E+000
  0.83658397E-005  0.10323446E-005  0.10000000E+003  0.91120227E-028  0.00000000E+000  0.11849176E-019  0.00000000E+000  0.23503015E-024  0.12305805E-025  0.38143788E-023  0.00000000E+000  0.00000000E+000  0.00000000E+000  0.00000000E+000
  0.91564098E-005  0.11299010E-005  0.10000000E+003  0.91147562E-028  0.00000000E+000  0.11843767E-019  0.00000000E+000  0.23510821E-024  0.12306215E-025  0.38143708E-023  0.00000000E+000  0.00000000E+000  0.00000000E+000  0.00000000E+000
  0.10021689E-004  0.12366764E-005  0.10000000E+003  0.91176976E-028  0.00000000E+000  0.11837862E-019  0.00000000E+000  0.23518897E-024  0.12306692E-025  0.38143671E-023  0.00000000E+000  0.00000000E+000  0.00000000E+000  0.00000000E+000
  0.10968736E-004  0.13535421E-005  0.10000000E+003  0.91209850E-028  0.00000000E+000  0.11831395E-019  0.00000000E+000  0.23528280E-024  0.12307191E-025  0.38143618E-023  0.00000000E+000  0.00000000E+000  0.00000000E+000  0.00000000E+000
  0.12005280E-004  0.14814515E-005  0.10000000E+003  0.91244369E-028  0.00000000E+000  0.11824333E-019  0.00000000E+000  0.23537399E-024  0.12307784E-025  0.38143589E-023  0.00000000E+000  0.00000000E+000  0.00000000E+000  0.00000000E+000
  0.13139776E-004  0.16214484E-005  0.10000000E+003  0.91283157E-028  0.00000000E+000  0.11816601E-019  0.00000000E+000  0.23548155E-024  0.12308398E-025  0.38143518E-023  0.00000000E+000  0.00000000E+000  0.00000000E+000  0.00000000E+000
  0.14381482E-004  0.17746749E-005  0.10000000E+003  0.91327742E-028  0.00000000E+000  0.11808112E-019  0.00000000E+000  0.23561763E-024  0.12308990E-025  0.38143460E-023  0.00000000E+000  0.00000000E+000  0.00000000E+000  0.00000000E+000
  0.15740530E-004  0.19423814E-005  0.10000000E+003  0.91372429E-028  0.00000000E+000  0.11798876E-019  0.00000000E+000  0.23573261E-024  0.12309781E-025  0.38143412E-023  0.00000000E+000  0.00000000E+000  0.00000000E+000  0.00000000E+000
  0.17228007E-004  0.21259360E-005  0.10000000E+003  0.91422573E-028  0.00000000E+000  0.11788759E-019  0.00000000E+000  0.23586881E-024  0.12310596E-025  0.38143331E-023  0.00000000E+000  0.00000000E+000  0.00000000E+000  0.00000000E+000
  0.18856050E-004  0.23268365E-005  0.10000000E+003  0.91479271E-028  0.00000000E+000  0.11777682E-019  0.00000000E+000  0.23603191E-024  0.12311438E-025  0.38143273E-023  0.00000000E+000  0.00000000E+000  0.00000000E+000  0.00000000E+000
  0.20637943E-004  0.25467221E-005  0.10000000E+003  0.91539877E-028  0.00000000E+000  0.11765591E-019  0.00000000E+000  0.23619828E-024  0.12312398E-025  0.38143144E-023  0.00000000E+000  0.00000000E+000  0.00000000E+000  0.00000000E+000
  0.22588224E-004  0.27873868E-005  0.10000000E+003  0.91606249E-028  0.00000000E+000  0.11752350E-019  0.00000000E+000  0.23638256E-024  0.12313435E-025  0.38143061E-023  0.00000000E+000  0.00000000E+000  0.00000000E+000  0.00000000E+000
  0.24722807E-004  0.30507943E-005  0.10000000E+003  0.91679672E-028  0.00000000E+000  0.11737856E-019  0.00000000E+000  0.23659161E-024  0.12314532E-025  0.38142976E-023  0.00000000E+000  0.00000000E+000  0.00000000E+000  0.00000000E+000
  0.27059107E-004  0.33390938E-005  0.10000000E+003  0.91758701E-028  0.00000000E+000  0.11722041E-019  0.00000000E+000  0.23680843E-024  0.12315778E-025  0.38142843E-023  0.00000000E+000  0.00000000E+000  0.00000000E+000  0.00000000E+000
  0.29616187E-004  0.36546375E-005  0.10000000E+003  0.91847094E-028  0.00000000E+000  0.11704726E-019  0.00000000E+000  0.23706111E-024  0.12317076E-025  0.38142720E-023  0.00000000E+000  0.00000000E+000  0.00000000E+000  0.00000000E+000
  0.32414911E-004  0.40000000E-005  0.10000000E+003  0.91943206E-028  0.00000000E+000  0.11685815E-019  0.00000000E+000  0.23733280E-024  0.12318509E-025  0.38142583E-023  0.00000000E+000  0.00000000E+000  0.00000000E+000  0.00000000E+000
  0.35478113E-004  0.43779992E-005  0.10000000E+003  0.92047132E-028  0.00000000E+000  0.11665144E-019  0.00000000E+000  0.23762179E-024  0.12320098E-025  0.38142471E-023  0.00000000E+000  0.00000000E+000  0.00000000E+000  0.00000000E+000
  0.38830788E-004  0.47917192E-005  0.10000000E+003  0.92162021E-028  0.00000000E+000  0.11642547E-019  0.00000000E+000  0.23794729E-024  0.12321790E-025  0.38142337E-023  0.00000000E+000  0.00000000E+000  0.00000000E+000  0.00000000E+000
  0.42500290E-004  0.52445357E-005  0.10000000E+003  0.92287239E-028  0.00000000E+000  0.11617870E-019  0.00000000E+000  0.23829893E-024  0.12323643E-025  0.38142136E-023  0.00000000E+000  0.00000000E+000  0.00000000E+000  0.00000000E+000
  0.46516559E-004  0.57401433E-005  0.10000000E+003  0.92423102E-028  0.00000000E+000  0.11590919E-019  0.00000000E+000  0.23867591E-024  0.12325684E-025  0.38141932E-023  0.00000000E+000  0.00000000E+000  0.00000000E+000  0.00000000E+000
  0.50912364E-004  0.62825857E-005  0.10000000E+003  0.92572814E-028  0.00000000E+000  0.11561455E-019  0.00000000E+000  0.23909882E-024  0.12327855E-025  0.38141754E-023  0.00000000E+000  0.00000000E+000  0.00000000E+000  0.00000000E+000
  0.55723572E-004  0.68762888E-005  0.10000000E+003  0.92735462E-028  0.00000000E+000  0.11529318E-019  0.00000000E+000  0.23955092E-024  0.12330252E-025  0.38141500E-023  0.00000000E+000  0.00000000E+000  0.00000000E+000  0.00000000E+000
  0.60989439E-004  0.75260967E-005  0.10000000E+003  0.92914543E-028  0.00000000E+000  0.11494191E-019  0.00000000E+000  0.24005813E-024  0.12332794E-025  0.38141297E-023  0.00000000E+000  0.00000000E+000  0.00000000E+000  0.00000000E+000
  0.66752928E-004  0.82373113E-005  0.10000000E+003  0.93110622E-028  0.00000000E+000  0.11455847E-019  0.00000000E+000  0.24061518E-024  0.12335519E-025  0.38140965E-023  0.00000000E+000  0.00000000E+000  0.00000000E+000  0.00000000E+000
  0.73061067E-004  0.90157356E-005  0.10000000E+003  0.93324189E-028  0.00000000E+000  0.11414027E-019  0.00000000E+000  0.24121792E-024  0.12338506E-025  0.38140722E-023  0.00000000E+000  0.00000000E+000  0.00000000E+000  0.00000000E+000
  0.79965323E-004  0.98677208E-005  0.10000000E+003  0.93556272E-028  0.00000000E+000  0.11368421E-019  0.00000000E+000  0.24186608E-024  0.12341763E-025  0.38140386E-023  0.00000000E+000  0.00000000E+000  0.00000000E+000  0.00000000E+000
  0.87522030E-004  0.10800218E-004  0.10000000E+003  0.93811626E-028  0.00000000E+000  0.11318646E-019  0.00000000E+000  0.24259119E-024  0.12345191E-025  0.38139996E-023  0.00000000E+000  0.00000000E+000  0.00000000E+000  0.00000000E+000
  0.95792844E-004  0.11820837E-004  0.10000000E+003  0.94090698E-028  0.00000000E+000  0.11264391E-019  0.00000000E+000  0.24338496E-024  0.12348873E-025  0.38139601E-023  0.00000000E+000  0.00000000E+000  0.00000000E+000  0.00000000E+000
  0.10484525E-003  0.12937904E-004  0.10000000E+003  0.94396176E-028  0.00000000E+000  0.11205272E-019  0.00000000E+000  0.24425728E-024  0.12352810E-025  0.38139190E-023  0.00000000E+000  0.00000000E+000  0.00000000E+000  0.00000000E+000
  0.11475310E-003  0.14160533E-004  0.10000000E+003  0.94727231E-028  0.00000000E+000  0.11140880E-019  0.00000000E+000  0.24519246E-024  0.12357076E-025  0.38138691E-023  0.00000000E+000  0.00000000E+000  0.00000000E+000  0.00000000E+000
  0.12559725E-003  0.15498700E-004  0.10000000E+003  0.95091688E-028  0.00000000E+000  0.11070753E-019  0.00000000E+000  0.24623906E-024  0.12361529E-025  0.38138139E-023  0.00000000E+000  0.00000000E+000  0.00000000E+000  0.00000000E+000
  0.13746616E-003  0.16963325E-004  0.10000000E+003  0.95487200E-028  0.00000000E+000  0.10994458E-019  0.00000000E+000  0.24736587E-024  0.12366337E-025  0.38137636E-023  0.00000000E+000  0.00000000E+000  0.00000000E+000  0.00000000E+000
  0.15045669E-003  0.18566355E-004  0.10000000E+003  0.95919987E-028  0.00000000E+000  0.10911466E-019  0.00000000E+000  0.24860874E-024  0.12371361E-025  0.38136981E-023  0.00000000E+000  0.00000000E+000  0.00000000E+000  0.00000000E+000
  0.16467482E-003  0.20320872E-004  0.10000000E+003  0.96391464E-028  0.00000000E+000  0.10821235E-019  0.00000000E+000  0.24996649E-024  0.12376644E-025  0.38136315E-023  0.00000000E+000  0.00000000E+000  0.00000000E+000  0.00000000E+000
  0.18023655E-003  0.22241191E-004  0.10000000E+003  0.96907007E-028  0.00000000E+000  0.10723244E-019  0.00000000E+000  0.25146050E-024  0.12382144E-025  0.38135541E-023  0.00000000E+000  0.00000000E+000  0.00000000E+000  0.00000000E+000
  0.19726887E-003  0.24342979E-004  0.10000000E+003  0.97466790E-028  0.00000000E+000  0.10616875E-019  0.00000000E+000  0.25308222E-024  0.12387883E-025  0.38134697E-023  0.00000000E+000  0.00000000E+000  0.00000000E+000  0.00000000E+000
  0.21591074E-003  0.26643385E-004  0.10000000E+003  0.98078262E-028  0.00000000E+000  0.10501538E-019  0.00000000E+000  0.25486644E-024  0.12393779E-025  0.38133816E-023  0.00000000E+000  0.00000000E+000  0.00000000E+000  0.00000000E+000
  0.23631426E-003  0.29161180E-004  0.10000000E+003  0.98740487E-028  0.00000000E+000  0.10376578E-019  0.00000000E+000  0.25679412E-024  0.12399864E-025  0.38132825E-023  0.00000000E+000  0.00000000E+000  0.00000000E+000  0.00000000E+000
  0.25864591E-003  0.31916905E-004  0.10000000E+003  0.99464421E-028  0.00000000E+000  0.10241297E-019  0.00000000E+000  0.25893133E-024  0.12405885E-025  0.38131745E-023  0.00000000E+000  0.00000000E+000  0.00000000E+000  0.00000000E+000
  0.28308790E-003  0.34933046E-004  0.10000000E+003  0.10024928E-027  0.00000000E+000  0.10095056E-019  0.00000000E+000  0.26125358E-024  0.12411894E-025  0.38130500E-023  0.00000000E+000  0.00000000E+000  0.00000000E+000  0.00000000E+000
  0.30983965E-003  0.38234212E-004  0.10000000E+003  0.10110196E-027  0.00000000E+000  0.99371526E-020  0.00000000E+000  0.26379657E-024  0.12417716E-025  0.38129182E-023  0.00000000E+000  0.00000000E+000  0.00000000E+000  0.00000000E+000
  0.33911943E-003  0.41847338E-004  0.10000000E+003  0.10202352E-027  0.00000000E+000  0.97668949E-020  0.00000000E+000  0.26655362E-024  0.12423272E-025  0.38127700E-023  0.00000000E+000  0.00000000E+000  0.00000000E+000  0.00000000E+000
  0.37116615E-003  0.45801903E-004  0.10000000E+003  0.10302281E-027  0.00000000E+000  0.95835670E-020  0.00000000E+000  0.26957890E-024  0.12428245E-025  0.38126101E-023  0.00000000E+000  0.00000000E+000  0.00000000E+000  0.00000000E+000
  0.40624128E-003  0.50130173E-004  0.10000000E+003  0.10410092E-027  0.00000000E+000  0.93865655E-020  0.00000000E+000  0.27286283E-024  0.12432539E-025  0.38124382E-023  0.00000000E+000  0.00000000E+000  0.00000000E+000  0.00000000E+000
  0.44463099E-003  0.54867465E-004  0.10000000E+003  0.10526580E-027  0.00000000E+000  0.91752090E-020  0.00000000E+000  0.27646062E-024  0.12435703E-025  0.38122380E-023  0.00000000E+000  0.00000000E+000  0.00000000E+000  0.00000000E+000
  0.48664853E-003  0.60052429E-004  0.10000000E+003  0.10651964E-027  0.00000000E+000  0.89489451E-020  0.00000000E+000  0.28038683E-024  0.12437424E-025  0.38120202E-023  0.00000000E+000  0.00000000E+000  0.00000000E+000  0.00000000E+000
  0.53263672E-003  0.65727372E-004  0.10000000E+003  0.10786051E-027  0.00000000E+000  0.87073472E-020  0.00000000E+000  0.28461987E-024  0.12437483E-025  0.38117814E-023  0.00000000E+000  0.00000000E+000  0.00000000E+000  0.00000000E+000
  0.58297079E-003  0.71938595E-004  0.10000000E+003  0.10929989E-027  0.00000000E+000  0.84499333E-020  0.00000000E+000  0.28926712E-024  0.12435041E-025  0.38115213E-023  0.00000000E+000  0.00000000E+000  0.00000000E+000  0.00000000E+000
  0.63806141E-003  0.78736778E-004  0.10000000E+003  0.11082758E-027  0.00000000E+000  0.81765583E-020  0.00000000E+000  0.29426597E-024  0.12429842E-025  0.38112301E-023  0.00000000E+000  0.00000000E+000  0.00000000E+000  0.00000000E+000
  0.69835808E-003  0.86177388E-004  0.10000000E+003  0.11245288E-027  0.00000000E+000  0.78870916E-020  0.00000000E+000  0.29972522E-024  0.12420908E-025  0.38109112E-023  0.00000000E+000  0.00000000E+000  0.00000000E+000  0.00000000E+000
  0.76435278E-003  0.94321133E-004  0.10000000E+003  0.11415356E-027  0.00000000E+000  0.75817125E-020  0.00000000E+000  0.30553698E-024  0.12407886E-025  0.38105634E-023  0.00000000E+000  0.00000000E+000  0.00000000E+000  0.00000000E+000
  0.83658397E-003  0.10323446E-003  0.10000000E+003  0.11594633E-027  0.00000000E+000  0.72607321E-020  0.00000000E+000  0.31190166E-024  0.12389258E-025  0.38101544E-023  0.00000000E+000  0.00000000E+000  0.00000000E+000  0.00000000E+000
  0.91564098E-003  0.11299010E-003  0.10000000E+003  0.11779766E-027  0.00000000E+000  0.69248838E-020  0.00000000E+000  0.31867516E-024  0.12364648E-025  0.38097193E-023  0.00000000E+000  0.00000000E+000  0.00000000E+000  0.00000000E+000
  0.10021689E-002  0.12366764E-003  0.10000000E+003  0.11970262E-027  0.00000000E+000  0.65751227E-020  0.00000000E+000  0.32595936E-024  0.12332684E-025  0.38092360E-023  0.00000000E+000  0.00000000E+000  0.00000000E+000  0.00000000E+000
  0.10968736E-002  0.13535421E-003  0.10000000E+003  0.12162785E-027  0.00000000E+000  0.62127993E-020  0.00000000E+000  0.33368825E-024  0.12292484E-025  0.38086923E-023  0.00000000E+000  0.00000000E+000  0.00000000E+000  0.00000000E+000
  0.12005280E-002  0.14814515E-003  0.10000000E+003  0.12355050E-027  0.00000000E+000  0.58395493E-020  0.00000000E+000  0.34193809E-024  0.12242575E-025  0.38080870E-023  0.00000000E+000  0.00000000E+000  0.00000000E+000  0.00000000E+000
  0.13139776E-002  0.16214484E-003  0.10000000E+003  0.12542389E-027  0.00000000E+000  0.54575525E-020  0.00000000E+000  0.35062492E-024  0.12182203E-025  0.38074132E-023  0.00000000E+000  0.00000000E+000  0.00000000E+000  0.00000000E+000
  0.14381482E-002  0.17746749E-003  0.10000000E+003  0.12719039E-027  0.00000000E+000  0.50692309E-020  0.00000000E+000  0.35968706E-024  0.12110393E-025  0.38066706E-023  0.00000000E+000  0.00000000E+000  0.00000000E+000  0.00000000E+000
  0.15740530E-002  0.19423814E-003  0.10000000E+003  0.12879411E-027  0.00000000E+000  0.46774204E-020  0.00000000E+000  0.36910529E-024  0.12026288E-025  0.38058362E-023  0.00000000E+000  0.00000000E+000  0.00000000E+000  0.00000000E+000
  0.17228007E-002  0.21259360E-003  0.10000000E+003  0.13016958E-027  0.00000000E+000  0.42852590E-020  0.00000000E+000  0.37885615E-024  0.11929242E-025  0.38048962E-023  0.00000000E+000  0.00000000E+000  0.00000000E+000  0.00000000E+000
  0.18856050E-002  0.23268365E-003  0.10000000E+003  0.13122876E-027  0.00000000E+000  0.38961106E-020  0.00000000E+000  0.38881769E-024  0.11819184E-025  0.38038464E-023  0.00000000E+000  0.00000000E+000  0.00000000E+000  0.00000000E+000
  0.20637943E-002  0.25467221E-003  0.10000000E+003  0.13188031E-027  0.00000000E+000  0.35135239E-020  0.00000000E+000  0.39884773E-024  0.11696625E-025  0.38026680E-023  0.00000000E+000  0.00000000E+000  0.00000000E+000  0.00000000E+000
  0.22588224E-002  0.27873868E-003  0.10000000E+003  0.13203550E-027  0.00000000E+000  0.31410851E-020  0.00000000E+000  0.40882900E-024  0.11562475E-025  0.38013655E-023  0.00000000E+000  0.00000000E+000  0.00000000E+000  0.00000000E+000
  0.24722807E-002  0.30507943E-003  0.10000000E+003  0.13160723E-027  0.00000000E+000  0.27822740E-020  0.00000000E+000  0.41862623E-024  0.11418105E-025  0.37999073E-023  0.00000000E+000  0.00000000E+000  0.00000000E+000  0.00000000E+000
  0.27059107E-002  0.33390938E-003  0.10000000E+003  0.13052243E-027  0.00000000E+000  0.24403688E-020  0.00000000E+000  0.42812631E-024  0.11265243E-025  0.37982748E-023  0.00000000E+000  0.00000000E+000  0.00000000E+000  0.00000000E+000
  0.29616187E-002  0.36546375E-003  0.10000000E+003  0.12872232E-027  0.00000000E+000  0.21183413E-020  0.00000000E+000  0.43719159E-024  0.11106089E-025  0.37964628E-023  0.00000000E+000  0.00000000E+000  0.00000000E+000  0.00000000E+000
  0.32414911E-002  0.40000000E-003  0.10000000E+003  0.12617343E-027  0.00000000E+000  0.18187422E-020  0.00000000E+000  0.44567612E-024  0.10943117E-025  0.37944003E-023  0.00000000E+000  0.00000000E+000  0.00000000E+000  0.00000000E+000
  0.35478113E-002  0.43779992E-003  0.10000000E+003  0.12287007E-027  0.00000000E+000  0.15436265E-020  0.00000000E+000  0.45347765E-024  0.10778745E-025  0.37920964E-023  0.00000000E+000  0.00000000E+000  0.00000000E+000  0.00000000E+000
  0.38830788E-002  0.47917192E-003  0.10000000E+003  0.11883181E-027  0.00000000E+000  0.12945152E-020  0.00000000E+000  0.46042932E-024  0.10616088E-025  0.37895213E-023  0.00000000E+000  0.00000000E+000  0.00000000E+000  0.00000000E+000
  0.42500290E-002  0.52445357E-003  0.10000000E+003  0.11412492E-027  0.00000000E+000  0.10721660E-020  0.00000000E+000  0.46681176E-024  0.10454180E-025  0.37866471E-023  0.00000000E+000  0.00000000E+000  0.00000000E+000  0.00000000E+000
  0.46516559E-002  0.57401433E-003  0.10000000E+003  0.10879004E-027  0.00000000E+000  0.87695090E-021  0.00000000E+000  0.47222566E-024  0.10297888E-025  0.37833397E-023  0.00000000E+000  0.00000000E+000  0.00000000E+000  0.00000000E+000
  0.50912364E-002  0.62825857E-003  0.10000000E+003  0.10291016E-027  0.00000000E+000  0.70840587E-021  0.00000000E+000  0.47690258E-024  0.10146322E-025  0.37796419E-023  0.00000000E+000  0.00000000E+000  0.00000000E+000  0.00000000E+000
  0.55723572E-002  0.68762888E-003  0.10000000E+003  0.96563455E-028  0.00000000E+000  0.56556349E-021  0.00000000E+000  0.48078594E-024  0.10001832E-025  0.37753619E-023  0.00000000E+000  0.00000000E+000  0.00000000E+000  0.00000000E+000
  0.60989439E-002  0.75260967E-003  0.10000000E+003  0.89824668E-028  0.00000000E+000  0.44681275E-021  0.00000000E+000  0.48393711E-024  0.98651844E-026  0.37704589E-023  0.00000000E+000  0.00000000E+000  0.00000000E+000  0.00000000E+000
  0.66752928E-002  0.82373113E-003  0.10000000E+003  0.82787404E-028  0.00000000E+000  0.35004358E-021  0.00000000E+000  0.48639429E-024  0.97376283E-026  0.37648305E-023  0.00000000E+000  0.00000000E+000  0.00000000E+000  0.00000000E+000
  0.73061067E-002  0.90157356E-003  0.10000000E+003  0.75557896E-028  0.00000000E+000  0.27274906E-021  0.00000000E+000  0.48822317E-024  0.96205715E-026  0.37582760E-023  0.00000000E+000  0.00000000E+000  0.00000000E+000  0.00000000E+000
  0.79965323E-002  0.98677208E-003  0.10000000E+003  0.68297629E-028  0.00000000E+000  0.21216317E-021  0.00000000E+000  0.48948556E-024  0.95157456E-026  0.37506623E-023  0.00000000E+000  0.00000000E+000  0.00000000E+000  0.00000000E+000
  0.87522030E-002  0.10800218E-002  0.10000000E+003  0.61179410E-028  0.00000000E+000  0.16542028E-021  0.00000000E+000  0.49029470E-024  0.94228761E-026  0.37419573E-023  0.00000000E+000  0.00000000E+000  0.00000000E+000  0.00000000E+000
  0.95792844E-002  0.11820837E-002  0.10000000E+003  0.54411649E-028  0.00000000E+000  0.12977036E-021  0.00000000E+000  0.49072435E-024  0.93430152E-026  0.37321032E-023  0.00000000E+000  0.00000000E+000  0.00000000E+000  0.00000000E+000
  0.10484525E-001  0.12937904E-002  0.10000000E+003  0.48192959E-028  0.00000000E+000  0.10270471E-021  0.00000000E+000  0.49086425E-024  0.92760753E-026  0.37211558E-023  0.00000000E+000  0.00000000E+000  0.00000000E+000  0.00000000E+000
  0.11475310E-001  0.14160533E-002  0.10000000E+003  0.42670166E-028  0.00000000E+000  0.82076212E-022  0.00000000E+000  0.49079639E-024  0.92212730E-026  0.37092816E-023  0.00000000E+000  0.00000000E+000  0.00000000E+000  0.00000000E+000
  0.12559725E-001  0.15498700E-002  0.10000000E+003  0.37900439E-028  0.00000000E+000  0.66155999E-022  0.00000000E+000  0.49058844E-024  0.91771618E-026  0.36967008E-023  0.00000000E+000  0.00000000E+000  0.00000000E+000  0.00000000E+000
  0.13746616E-001  0.16963325E-002  0.10000000E+003  0.33840694E-028  0.00000000E+000  0.53634448E-022  0.00000000E+000  0.49029121E-024  0.91418338E-026  0.36835863E-023  0.00000000E+000  0.00000000E+000  0.00000000E+000  0.00000000E+000
  0.15045669E-001  0.18566355E-002  0.10000000E+003  0.30372492E-028  0.00000000E+000  0.43577536E-022  0.00000000E+000  0.48994010E-024  0.91132475E-026  0.36699585E-023  0.00000000E+000  0.00000000E+000  0.00000000E+000  0.00000000E+000
  0.16467482E-001  0.20320872E-002  0.10000000E+003  0.27348373E-028  0.00000000E+000  0.35355319E-022  0.00000000E+000  0.48955865E-024  0.90895634E-026  0.36556459E-023  0.00000000E+000  0.00000000E+000  0.00000000E+000  0.00000000E+000
  0.18023655E-001  0.22241191E-002  0.10000000E+003  0.24635044E-028  0.00000000E+000  0.28560525E-022  0.00000000E+000  0.48916222E-024  0.90693646E-026  0.36403222E-023  0.00000000E+000  0.00000000E+000  0.00000000E+000  0.00000000E+000
  0.19726887E-001  0.24342979E-002  0.10000000E+003  0.22137556E-028  0.00000000E+000  0.22932453E-022  0.00000000E+000  0.48876112E-024  0.90517161E-026  0.36235821E-023  0.00000000E+000  0.00000000E+000  0.00000000E+000  0.00000000E+000
  0.21591074E-001  0.26643385E-002  0.10000000E+003  0.19803855E-028  0.00000000E+000  0.18295885E-022  0.00000000E+000  0.48836293E-024  0.90361040E-026  0.36050139E-023  0.00000000E+000  0.00000000E+000  0.00000000E+000  0.00000000E+000
  0.23631426E-001  0.29161180E-002  0.10000000E+003  0.17617409E-028  0.00000000E+000  0.14518532E-022  0.00000000E+000  0.48797399E-024  0.90223223E-026  0.35842565E-023  0.00000000E+000  0.00000000E+000  0.00000000E+000  0.00000000E+000
  0.25864591E-001  0.31916905E-002  0.10000000E+003  0.15585553E-028  0.00000000E+000  0.11485711E-022  0.00000000E+000  0.48759985E-024  0.90103616E-026  0.35610527E-023  0.00000000E+000  0.00000000E+000  0.00000000E+000  0.00000000E+000
  0.28308790E-001  0.34933046E-002  0.10000000E+003  0.13727905E-028  0.00000000E+000  0.90883729E-023  0.00000000E+000  0.48724496E-024  0.90003233E-026  0.35353109E-023  0.00000000E+000  0.00000000E+000  0.00000000E+000  0.00000000E+000
  0.30983965E-001  0.38234212E-002  0.10000000E+003  0.12066361E-028  0.00000000E+000  0.72200291E-023  0.00000000E+000  0.48691178E-024  0.89923675E-026  0.35071739E-023  0.00000000E+000  0.00000000E+000  0.00000000E+000  0.00000000E+000
  0.33911943E-001  0.41847338E-002  0.10000000E+003  0.10616917E-028  0.00000000E+000  0.57786102E-023  0.00000000E+000  0.48659950E-024  0.89866931E-026  0.34770657E-023  0.00000000E+000  0.00000000E+000  0.00000000E+000  0.00000000E+000
  0.37116615E-001  0.45801903E-002  0.10000000E+003  0.93835203E-029  0.00000000E+000  0.46702841E-023  0.00000000E+000  0.48630262E-024  0.89835553E-026  0.34456590E-023  0.00000000E+000  0.00000000E+000  0.00000000E+000  0.00000000E+000
  0.40624128E-001  0.50130173E-002  0.10000000E+003  0.83547452E-029  0.00000000E+000  0.38132042E-023  0.00000000E+000  0.48600928E-024  0.89833334E-026  0.34137108E-023  0.00000000E+000  0.00000000E+000  0.00000000E+000  0.00000000E+000
  0.44463099E-001  0.54867465E-002  0.10000000E+003  0.75042843E-029  0.00000000E+000  0.31400295E-023  0.00000000E+000  0.48569881E-024  0.89866821E-026  0.33817872E-023  0.00000000E+000  0.00000000E+000  0.00000000E+000  0.00000000E+000
  0.48664853E-001  0.60052429E-002  0.10000000E+003  0.67953757E-029  0.00000000E+000  0.25987424E-023  0.00000000E+000  0.48533704E-024  0.89948650E-026  0.33499949E-023  0.00000000E+000  0.00000000E+000  0.00000000E+000  0.00000000E+000
  0.53263672E-001  0.65727372E-002  0.10000000E+003  0.61873228E-029  0.00000000E+000  0.21517970E-023  0.00000000E+000  0.48486532E-024  0.90105071E-026  0.33178469E-023  0.00000000E+000  0.00000000E+000  0.00000000E+000  0.00000000E+000
  0.58297079E-001  0.71938595E-002  0.10000000E+003  0.56407942E-029  0.00000000E+000  0.17739591E-023  0.00000000E+000  0.48417149E-024  0.90394514E-026  0.32842363E-023  0.00000000E+000  0.00000000E+000  0.00000000E+000  0.00000000E+000
  0.63806141E-001  0.78736778E-002  0.10000000E+003  0.51186387E-029  0.00000000E+000  0.14493862E-023  0.00000000E+000  0.48300754E-024  0.90961391E-026  0.32472684E-023  0.00000000E+000  0.00000000E+000  0.00000000E+000  0.00000000E+000
  0.69835808E-001  0.86177388E-002  0.10000000E+003  0.45798989E-029  0.00000000E+000  0.11685181E-023  0.00000000E+000  0.48072465E-024  0.92231589E-026  0.32033950E-023  0.00000000E+000  0.00000000E+000  0.00000000E+000  0.00000000E+000
  0.76435278E-001  0.94321133E-002  0.10000000E+003  0.39672351E-029  0.00000000E+000  0.92518230E-024  0.00000000E+000  0.47516098E-024  0.95903936E-026  0.31445232E-023  0.00000000E+000  0.00000000E+000  0.00000000E+000  0.00000000E+000
  0.83658397E-001  0.10323446E-001  0.10000000E+003  0.31625697E-029  0.00000000E+000  0.71366435E-024  0.00000000E+000  0.45460518E-024  0.11302265E-025  0.30482755E-023  0.00000000E+000  0.00000000E+000  0.00000000E+000  0.00000000E+000
  0.91564098E-001  0.11299010E-001  0.10000000E+003  0.20171536E-029  0.00000000E+000  0.53887722E-024  0.00000000E+000  0.38396998E-024  0.18206744E-025  0.29185115E-023  0.00000000E+000  0.00000000E+000  0.00000000E+000  0.00000000E+000
  0.10021689E+000  0.12366764E-001  0.10000000E+003  0.11592430E-029  0.00000000E+000  0.40817929E-024  0.00000000E+000  0.29795678E-024  0.27199602E-025  0.28500481E-023  0.00000000E+000  0.00000000E+000  0.00000000E+000  0.00000000E+000
  0.10968736E+000  0.13535421E-001  0.10000000E+003  0.70574767E-030  0.00000000E+000  0.31358602E-024  0.00000000E+000  0.23498808E-024  0.33975455E-025  0.28155575E-023  0.00000000E+000  0.00000000E+000  0.00000000E+000  0.00000000E+000
  0.12005280E+000  0.14814515E-001  0.10000000E+003  0.46484224E-030  0.00000000E+000  0.24560655E-024  0.00000000E+000  0.19210254E-024  0.38661929E-025  0.27917070E-023  0.00000000E+000  0.00000000E+000  0.00000000E+000  0.00000000E+000
  0.13139776E+000  0.16214484E-001  0.10000000E+003  0.32586390E-030  0.00000000E+000  0.19626433E-024  0.00000000E+000  0.16167310E-024  0.42016972E-025  0.27717570E-023  0.00000000E+000  0.00000000E+000  0.00000000E+000  0.00000000E+000
  0.14381482E+000  0.17746749E-001  0.10000000E+003  0.23913413E-030  0.00000000E+000  0.16037617E-024  0.00000000E+000  0.13893426E-024  0.44535845E-025  0.27533452E-023  0.00000000E+000  0.00000000E+000  0.00000000E+000  0.00000000E+000
  0.15740530E+000  0.19423814E-001  0.10000000E+003  0.18150635E-030  0.00000000E+000  0.13449072E-024  0.00000000E+000  0.12118552E-024  0.46505216E-025  0.27353783E-023  0.00000000E+000  0.00000000E+000  0.00000000E+000  0.00000000E+000
  0.17228007E+000  0.21259360E-001  0.10000000E+003  0.14129103E-030  0.00000000E+000  0.11613166E-024  0.00000000E+000  0.10685001E-024  0.48095139E-025  0.27172174E-023  0.00000000E+000  0.00000000E+000  0.00000000E+000  0.00000000E+000
  0.18856050E+000  0.23268365E-001  0.10000000E+003  0.11211681E-030  0.00000000E+000  0.10341611E-024  0.00000000E+000  0.94959236E-025  0.49411556E-025  0.26984191E-023  0.00000000E+000  0.00000000E+000  0.00000000E+000  0.00000000E+000
  0.20637943E+000  0.25467221E-001  0.10000000E+003  0.90281683E-031  0.00000000E+000  0.94868430E-025  0.00000000E+000  0.84888238E-025  0.50523752E-025  0.26786389E-023  0.00000000E+000  0.00000000E+000  0.00000000E+000  0.00000000E+000
  0.22588224E+000  0.27873868E-001  0.10000000E+003  0.73519317E-031  0.00000000E+000  0.89325249E-025  0.00000000E+000  0.76215848E-025  0.51478988E-025  0.26575901E-023  0.00000000E+000  0.00000000E+000  0.00000000E+000  0.00000000E+000
  0.24722807E+000  0.30507943E-001  0.10000000E+003  0.60381506E-031  0.00000000E+000  0.85880532E-025  0.00000000E+000  0.68647468E-025  0.52310641E-025  0.26350230E-023  0.00000000E+000  0.00000000E+000  0.00000000E+000  0.00000000E+000
  0.27059107E+000  0.33390938E-001  0.10000000E+003  0.49908949E-031  0.00000000E+000  0.83846608E-025  0.00000000E+000  0.61970423E-025  0.53042958E-025  0.26107140E-023  0.00000000E+000  0.00000000E+000  0.00000000E+000  0.00000000E+000
  0.29616187E+000  0.36546375E-001  0.10000000E+003  0.41446137E-031  0.00000000E+000  0.82719931E-025  0.00000000E+000  0.56027015E-025  0.53693948E-025  0.25844575E-023  0.00000000E+000  0.00000000E+000  0.00000000E+000  0.00000000E+000
  0.32414911E+000  0.40000000E-001  0.10000000E+003  0.34532492E-031  0.00000000E+000  0.82147682E-025  0.00000000E+000  0.50697641E-025  0.54277237E-025  0.25560601E-023  0.00000000E+000  0.00000000E+000  0.00000000E+000  0.00000000E+000
  0.35478113E+000  0.43779992E-001  0.10000000E+003  0.28835984E-031  0.00000000E+000  0.81895036E-025  0.00000000E+000  0.45889829E-025  0.54803298E-025  0.25253363E-023  0.00000000E+000  0.00000000E+000  0.00000000E+000  0.00000000E+000
  0.38830788E+000  0.47917192E-001  0.10000000E+003  0.24111429E-031  0.00000000E+000  0.81814482E-025  0.00000000E+000  0.41530905E-025  0.55280289E-025  0.24921046E-023  0.00000000E+000  0.00000000E+000  0.00000000E+000  0.00000000E+000
  0.42500290E+000  0.52445357E-001  0.10000000E+003  0.20173681E-031  0.00000000E+000  0.81819151E-025  0.00000000E+000  0.37562942E-025  0.55714657E-025  0.24561854E-023  0.00000000E+000  0.00000000E+000  0.00000000E+000  0.00000000E+000
  0.46516559E+000  0.57401433E-001  0.10000000E+003  0.16880034E-031  0.00000000E+000  0.81861413E-025  0.00000000E+000  0.33939198E-025  0.56111559E-025  0.24173999E-023  0.00000000E+000  0.00000000E+000  0.00000000E+000  0.00000000E+000
  0.50912364E+000  0.62825857E-001  0.10000000E+003  0.14118468E-031  0.00000000E+000  0.81917132E-025  0.00000000E+000  0.30621534E-025  0.56475177E-025  0.23755698E-023  0.00000000E+000  0.00000000E+000  0.00000000E+000  0.00000000E+000
  0.55723572E+000  0.68762888E-001  0.10000000E+003  0.11799640E-031  0.00000000E+000  0.81975071E-025  0.00000000E+000  0.27578521E-025  0.56808940E-025  0.23305188E-023  0.00000000E+000  0.00000000E+000  0.00000000E+000  0.00000000E+000
  0.60989439E+000  0.75260967E-001  0.10000000E+003  0.98513155E-032  0.00000000E+000  0.82030451E-025  0.00000000E+000  0.24784014E-025  0.57115699E-025  0.22820744E-023  0.00000000E+000  0.00000000E+000  0.00000000E+000  0.00000000E+000
  0.66752928E+000  0.82373113E-001  0.10000000E+003  0.82144123E-032  0.00000000E+000  0.82081426E-025  0.00000000E+000  0.22216066E-025  0.57397843E-025  0.22300714E-023  0.00000000E+000  0.00000000E+000  0.00000000E+000  0.00000000E+000
  0.73061067E+000  0.90157356E-001  0.10000000E+003  0.68401269E-032  0.00000000E+000  0.82127312E-025  0.00000000E+000  0.19856092E-025  0.57657401E-025  0.21743556E-023  0.00000000E+000  0.00000000E+000  0.00000000E+000  0.00000000E+000
  0.79965323E+000  0.98677208E-001  0.10000000E+003  0.56878298E-032  0.00000000E+000  0.82167771E-025  0.00000000E+000  0.17688206E-025  0.57896093E-025  0.21174829E-023  0.00000000E+000  0.00000000E+000  0.00000000E+000  0.00000000E+000
  0.87522030E+000  0.10800218E+000  0.10000000E+003  0.47234138E-032  0.00000000E+000  0.82202588E-025  0.00000000E+000  0.15698706E-025  0.58115423E-025  0.20592649E-023  0.00000000E+000  0.00000000E+000  0.00000000E+000  0.00000000E+000
  0.95792844E+000  0.11820837E+000  0.10000000E+003  0.39180579E-032  0.00000000E+000  0.82231616E-025  0.00000000E+000  0.13875650E-025  0.58316727E-025  0.19971792E-023  0.00000000E+000  0.00000000E+000  0.00000000E+000  0.00000000E+000
  0.10484525E+001  0.12937904E+000  0.10000000E+003  0.32473283E-032  0.00000000E+000  0.82254632E-025  0.00000000E+000  0.12208504E-025  0.58501177E-025  0.19311422E-023  0.00000000E+000  0.00000000E+000  0.00000000E+000  0.00000000E+000
  0.11475310E+001  0.14160533E+000  0.10000000E+003  0.26904156E-032  0.00000000E+000  0.82271366E-025  0.00000000E+000  0.10687858E-025  0.58669834E-025  0.18611058E-023  0.00000000E+000  0.00000000E+000  0.00000000E+000  0.00000000E+000
  0.12559725E+001  0.15498700E+000  0.10000000E+003  0.22295496E-032  0.00000000E+000  0.82281475E-025  0.00000000E+000  0.93051867E-026  0.58823669E-025  0.17870658E-023  0.00000000E+000  0.00000000E+000  0.00000000E+000  0.00000000E+000
  0.13746616E+001  0.16963325E+000  0.10000000E+003  0.18495325E-032  0.00000000E+000  0.82284579E-025  0.00000000E+000  0.80526479E-026  0.58963595E-025  0.17090714E-023  0.00000000E+000  0.00000000E+000  0.00000000E+000  0.00000000E+000
  0.15045669E+001  0.18566355E+000  0.10000000E+003  0.15373632E-032  0.00000000E+000  0.82280255E-025  0.00000000E+000  0.69229091E-026  0.59090485E-025  0.16272346E-023  0.00000000E+000  0.00000000E+000  0.00000000E+000  0.00000000E+000
  0.16467482E+001  0.20320872E+000  0.10000000E+003  0.12819283E-032  0.00000000E+000  0.82267946E-025  0.00000000E+000  0.59090027E-026  0.59205193E-025  0.15417407E-023  0.00000000E+000  0.00000000E+000  0.00000000E+000  0.00000000E+000
  0.18023655E+001  0.22241191E+000  0.10000000E+003  0.10737491E-032  0.00000000E+000  0.82246973E-025  0.00000000E+000  0.50042030E-026  0.59308577E-025  0.14528583E-023  0.00000000E+000  0.00000000E+000  0.00000000E+000  0.00000000E+000
  0.19726887E+001  0.24342979E+000  0.10000000E+003  0.90476603E-033  0.00000000E+000  0.82216402E-025  0.00000000E+000  0.42019262E-026  0.59401518E-025  0.13609488E-023  0.00000000E+000  0.00000000E+000  0.00000000E+000  0.00000000E+000
  0.21591074E+001  0.26643385E+000  0.10000000E+003  0.76022681E-033  0.00000000E+000  0.82177429E-025  0.00000000E+000  0.34959280E-026  0.59489595E-025  0.12664748E-023  0.00000000E+000  0.00000000E+000  0.00000000E+000  0.00000000E+000
  0.23631426E+001  0.29161180E+000  0.10000000E+003  0.65140170E-033  0.00000000E+000  0.82123726E-025  0.00000000E+000  0.28790449E-026  0.59564151E-025  0.11700061E-023  0.00000000E+000  0.00000000E+000  0.00000000E+000  0.00000000E+000
  0.25864591E+001  0.31916905E+000  0.10000000E+003  0.56416104E-033  0.00000000E+000  0.82055499E-025  0.00000000E+000  0.23451188E-026  0.59631356E-025  0.10722221E-023  0.00000000E+000  0.00000000E+000  0.00000000E+000  0.00000000E+000
  0.28308790E+001  0.34933046E+000  0.10000000E+003  0.49453397E-033  0.00000000E+000  0.81969493E-025  0.00000000E+000  0.18875401E-026  0.59692477E-025  0.97390969E-024  0.00000000E+000  0.00000000E+000  0.00000000E+000  0.00000000E+000
  0.30983965E+001  0.38234212E+000  0.10000000E+003  0.43922837E-033  0.00000000E+000  0.81860715E-025  0.00000000E+000  0.14996544E-026  0.59749015E-025  0.87595571E-024  0.00000000E+000  0.00000000E+000  0.00000000E+000  0.00000000E+000
  0.33911943E+001  0.41847338E+000  0.10000000E+003  0.39552799E-033  0.00000000E+000  0.81722183E-025  0.00000000E+000  0.11747878E-026  0.59802803E-025  0.77933178E-024  0.00000000E+000  0.00000000E+000  0.00000000E+000  0.00000000E+000
  0.37116615E+001  0.45801903E+000  0.10000000E+003  0.36118980E-033  0.00000000E+000  0.81542322E-025  0.00000000E+000  0.90629038E-027  0.59856183E-025  0.68507056E-024  0.00000000E+000  0.00000000E+000  0.00000000E+000  0.00000000E+000
  0.40624128E+001  0.50130173E+000  0.10000000E+003  0.33435920E-033  0.00000000E+000  0.81303151E-025  0.00000000E+000  0.68759754E-027  0.59912280E-025  0.59423401E-024  0.00000000E+000  0.00000000E+000  0.00000000E+000  0.00000000E+000
  0.44463099E+001  0.54867465E+000  0.10000000E+003  0.31347792E-033  0.00000000E+000  0.80973378E-025  0.00000000E+000  0.51230413E-027  0.59975451E-025  0.50787229E-024  0.00000000E+000  0.00000000E+000  0.00000000E+000  0.00000000E+000
  0.48664853E+001  0.60052429E+000  0.10000000E+003  0.29719762E-033  0.00000000E+000  0.80497926E-025  0.00000000E+000  0.37424756E-027  0.60052043E-025  0.42697602E-024  0.00000000E+000  0.00000000E+000  0.00000000E+000  0.00000000E+000
  0.53263672E+001  0.65727372E+000  0.10000000E+003  0.28431345E-033  0.00000000E+000  0.79786865E-025  0.00000000E+000  0.26759420E-027  0.60151669E-025  0.35242471E-024  0.00000000E+000  0.00000000E+000  0.00000000E+000  0.00000000E+000
  0.58297079E+001  0.71938595E+000  0.10000000E+003  0.27364116E-033  0.00000000E+000  0.78681169E-025  0.00000000E+000  0.18692287E-027  0.60289365E-025  0.28493331E-024  0.00000000E+000  0.00000000E+000  0.00000000E+000  0.00000000E+000
  0.63806141E+001  0.78736778E+000  0.10000000E+003  0.26379196E-033  0.00000000E+000  0.76872366E-025  0.00000000E+000  0.12729876E-027  0.60488951E-025  0.22500489E-024  0.00000000E+000  0.00000000E+000  0.00000000E+000  0.00000000E+000
  0.69835808E+001  0.86177388E+000  0.10000000E+003  0.25263825E-033  0.00000000E+000  0.73677891E-025  0.00000000E+000  0.84331725E-028  0.60785887E-025  0.17290097E-024  0.00000000E+000  0.00000000E+000  0.00000000E+000  0.00000000E+000
  0.76435278E+001  0.94321133E+000  0.10000000E+003  0.23618647E-033  0.00000000E+000  0.67359015E-025  0.00000000E+000  0.54213226E-028  0.61210591E-025  0.12866354E-024  0.00000000E+000  0.00000000E+000  0.00000000E+000  0.00000000E+000
  0.83658397E+001  0.10323446E+001  0.10000000E+003  0.20689267E-033  0.00000000E+000  0.53432013E-025  0.00000000E+000  0.33728067E-028  0.61620211E-025  0.92314488E-025  0.00000000E+000  0.00000000E+000  0.00000000E+000  0.00000000E+000
  0.91564098E+001  0.11299010E+001  0.10000000E+003  0.13215523E-033  0.00000000E+000  0.24747442E-025  0.00000000E+000  0.20243670E-028  0.60803375E-025  0.63903725E-025  0.00000000E+000  0.00000000E+000  0.00000000E+000  0.00000000E+000
  0.10021689E+002  0.12366764E+001  0.10000000E+003  0.98589016E-034  0.00000000E+000  0.18050234E-025  0.00000000E+000  0.11689535E-028  0.60491243E-025  0.42878789E-025  0.00000000E+000  0.00000000E+000  0.00000000E+000  0.00000000E+000
  0.10968736E+002  0.13535421E+001  0.10000000E+003  0.88747259E-034  0.00000000E+000  0.13422743E-025  0.00000000E+000  0.64714444E-029  0.60732587E-025  0.28603689E-025  0.00000000E+000  0.00000000E+000  0.00000000E+000  0.00000000E+000
  0.12005280E+002  0.14814515E+001  0.10000000E+003  0.85650083E-034  0.00000000E+000  0.94853060E-026  0.00000000E+000  0.34209006E-029  0.61642663E-025  0.18046715E-025  0.00000000E+000  0.00000000E+000  0.00000000E+000  0.00000000E+000
  0.13139776E+002  0.16214484E+001  0.10000000E+003  0.83221176E-034  0.00000000E+000  0.66810061E-026  0.00000000E+000  0.17193351E-029  0.63343982E-025  0.10355071E-025  0.00000000E+000  0.00000000E+000  0.00000000E+000  0.00000000E+000
  0.14381482E+002  0.17746749E+001  0.10000000E+003  0.80376100E-034  0.00000000E+000  0.39436093E-026  0.00000000E+000  0.81797686E-030  0.65466340E-025  0.53165208E-026  0.00000000E+000  0.00000000E+000  0.00000000E+000  0.00000000E+000
  0.15740530E+002  0.19423814E+001  0.10000000E+003  0.78680767E-034  0.00000000E+000  0.19610489E-026  0.00000000E+000  0.36657742E-030  0.67163027E-025  0.24394719E-026  0.00000000E+000  0.00000000E+000  0.00000000E+000  0.00000000E+000
  0.17228007E+002  0.21259360E+001  0.10000000E+003  0.77783196E-034  0.00000000E+000  0.95467677E-027  0.00000000E+000  0.15392464E-030  0.68123919E-025  0.10081508E-026  0.00000000E+000  0.00000000E+000  0.00000000E+000  0.00000000E+000
  0.18856050E+002  0.23268365E+001  0.10000000E+003  0.77626394E-034  0.00000000E+000  0.49309774E-027  0.00000000E+000  0.60200632E-031  0.68592478E-025  0.37683004E-027  0.00000000E+000  0.00000000E+000  0.00000000E+000  0.00000000E+000
  0.20637943E+002  0.25467221E+001  0.10000000E+003  0.77567321E-034  0.00000000E+000  0.26189816E-027  0.00000000E+000  0.21790316E-031  0.68837891E-025  0.12710212E-027  0.00000000E+000  0.00000000E+000  0.00000000E+000  0.00000000E+000
  0.22588224E+002  0.27873868E+001  0.10000000E+003  0.77536730E-034  0.00000000E+000  0.13641010E-027  0.00000000E+000  0.72485295E-032  0.68972083E-025  0.38461930E-028  0.00000000E+000  0.00000000E+000  0.00000000E+000  0.00000000E+000
  0.24722807E+002  0.30507943E+001  0.10000000E+003  0.77512891E-034  0.00000000E+000  0.67512831E-028  0.00000000E+000  0.21990395E-032  0.69039805E-025  0.94083350E-029  0.00000000E+000  0.00000000E+000  0.00000000E+000  0.00000000E+000
  0.27059107E+002  0.33390938E+001  0.10000000E+003  0.77493683E-034  0.00000000E+000  0.31131406E-028  0.00000000E+000  0.60336158E-033  0.69068296E-025  0.17373077E-029  0.00000000E+000  0.00000000E+000  0.00000000E+000  0.00000000E+000
  0.29616187E+002  0.36546375E+001  0.10000000E+003  0.77482513E-034  0.00000000E+000  0.13235695E-028  0.00000000E+000  0.14835832E-033  0.69081142E-025  0.27314920E-030  0.00000000E+000  0.00000000E+000  0.00000000E+000  0.00000000E+000
  0.32414911E+002  0.40000000E+001  0.10000000E+003  0.77471463E-034  0.00000000E+000  0.51576037E-029  0.00000000E+000  0.32366532E-034  0.69084648E-025  0.36044080E-031  0.00000000E+000  0.00000000E+000  0.00000000E+000  0.00000000E+000
  0.35478113E+002  0.43779992E+001  0.10000000E+003  0.77466803E-034  0.00000000E+000  0.18309797E-029  0.00000000E+000  0.61970982E-035  0.69087324E-025  0.39266688E-032  0.00000000E+000  0.00000000E+000  0.00000000E+000  0.00000000E+000
  0.38830788E+002  0.47917192E+001  0.10000000E+003  0.77462456E-034  0.00000000E+000  0.58832713E-030  0.00000000E+000  0.10289789E-035  0.69087999E-025  0.34689174E-033  0.00000000E+000  0.00000000E+000  0.00000000E+000  0.00000000E+000
  0.42500290E+002  0.52445357E+001  0.10000000E+003  0.77383481E-034  0.00000000E+000  0.16968125E-030  0.00000000E+000  0.14624745E-036  0.69090946E-025  0.24357547E-034  0.00000000E+000  0.00000000E+000  0.00000000E+000  0.00000000E+000
  0.46516559E+002  0.57401433E+001  0.10000000E+003  0.77384645E-034  0.00000000E+000  0.43493051E-031  0.00000000E+000  0.17540475E-037  0.69091885E-025  0.13304800E-035  0.00000000E+000  0.00000000E+000  0.00000000E+000  0.00000000E+000
  0.50912364E+002  0.62825857E+001  0.10000000E+003  0.77381917E-034  0.00000000E+000  0.98036417E-032  0.00000000E+000  0.17478412E-038  0.69090393E-025  0.55227794E-037  0.00000000E+000  0.00000000E+000  0.00000000E+000  0.00000000E+000
  0.55723572E+002  0.68762888E+001  0.10000000E+003  0.77383869E-034  0.00000000E+000  0.19190498E-032  0.00000000E+000  0.14225750E-039  0.69091548E-025  0.16968523E-038  0.00000000E+000  0.00000000E+000  0.00000000E+000  0.00000000E+000
  0.60989439E+002  0.75260967E+001  0.10000000E+003  0.77383780E-034  0.00000000E+000  0.32203314E-033  0.00000000E+000  0.92827640E-041  0.69091535E-025  0.37514491E-040  0.00000000E+000  0.00000000E+000  0.00000000E+000  0.00000000E+000
  0.66752928E+002  0.82373113E+001  0.10000000E+003  0.77381515E-034  0.00000000E+000  0.45656967E-034  0.00000000E+000  0.47585133E-042  0.69090225E-025  0.57865720E-042  0.00000000E+000  0.00000000E+000  0.00000000E+000  0.00000000E+000
  0.73061067E+002  0.90157356E+001  0.10000000E+003  0.77382459E-034  0.00000000E+000  0.53809991E-035  0.00000000E+000  0.18741138E-043  0.69090752E-025  0.60170578E-044  0.00000000E+000  0.00000000E+000  0.00000000E+000  0.00000000E+000
  0.79965323E+002  0.98677208E+001  0.10000000E+003  0.77385057E-034  0.00000000E+000  0.51811698E-036  0.00000000E+000  0.55346311E-045  0.69092301E-025  0.40625576E-046  0.00000000E+000  0.00000000E+000  0.00000000E+000  0.00000000E+000
  0.87522030E+002  0.10800218E+002  0.10000000E+003  0.77383322E-034  0.00000000E+000  0.39998485E-037  0.00000000E+000  0.11934403E-046  0.69091255E-025  0.17108286E-048  0.00000000E+000  0.00000000E+000  0.00000000E+000  0.00000000E+000
  0.95792844E+002  0.11820837E+002  0.10000000E+003  0.77381071E-034  0.00000000E+000  0.24240829E-038  0.00000000E+000  0.18251748E-048  0.69089977E-025  0.42980312E-051  0.00000000E+000  0.00000000E+000  0.00000000E+000  0.00000000E+000
  0.10484525E+003  0.12937904E+002  0.10000000E+003  0.77383659E-034  0.00000000E+000  0.11268939E-039  0.00000000E+000  0.19177759E-050  0.69091471E-025  0.61298293E-054  0.00000000E+000  0.00000000E+000  0.00000000E+000  0.00000000E+000
  0.11475310E+003  0.14160533E+002  0.10000000E+003  0.77383849E-034  0.00000000E+000  0.39205085E-041  0.00000000E+000  0.13397022E-052  0.69091563E-025  0.47063558E-057  0.00000000E+000  0.00000000E+000  0.00000000E+000  0.00000000E+000
  0.12559725E+003  0.15498700E+002  0.10000000E+003  0.77380460E-034  0.00000000E+000  0.99323325E-043  0.00000000E+000  0.85557230E-055  0.69089583E-025  0.18360282E-060  0.00000000E+000  0.00000000E+000  0.00000000E+000  0.00000000E+000
  0.13746616E+003  0.16963325E+002  0.10000000E+003  0.77381409E-034  0.00000000E+000  0.17774812E-044  0.00000000E+000  0.26165827E-055  0.69090152E-025  0.34107301E-064  0.00000000E+000  0.00000000E+000  0.00000000E+000  0.00000000E+000
  0.15045669E+003  0.18566355E+002  0.10000000E+003  0.77381765E-034  0.00000000E+000  0.21750050E-046  0.00000000E+000  0.26003542E-055  0.69090388E-025  0.28131336E-068  0.00000000E+000  0.00000000E+000  0.00000000E+000  0.00000000E+000
  0.16467482E+003  0.20320872E+002  0.10000000E+003  0.77381667E-034  0.00000000E+000  0.17555374E-048  0.00000000E+000  0.26003283E-055  0.69090330E-025  0.95420163E-073  0.00000000E+000  0.00000000E+000  0.00000000E+000  0.00000000E+000
  0.18023655E+003  0.22241191E+002  0.10000000E+003  0.77381854E-034  0.00000000E+000  0.89858754E-051  0.00000000E+000  0.26003283E-055  0.69090427E-025  0.12237621E-077  0.00000000E+000  0.00000000E+000  0.00000000E+000  0.00000000E+000
  0.19726887E+003  0.24342979E+002  0.10000000E+003  0.77381498E-034  0.00000000E+000  0.27940785E-053  0.00000000E+000  0.26003282E-055  0.69090231E-025  0.54139393E-083  0.00000000E+000  0.00000000E+000  0.00000000E+000  0.00000000E+000
  0.21591074E+003  0.26643385E+002  0.10000000E+003  0.77381342E-034  0.00000000E+000  0.50346576E-056  0.00000000E+000  0.26003282E-055  0.69090138E-025  0.74711074E-089  0.00000000E+000  0.00000000E+000  0.00000000E+000  0.00000000E+000
  0.23631426E+003  0.29161180E+002  0.10000000E+003  0.77380817E-034  0.00000000E+000  0.49931663E-059  0.00000000E+000  0.26003282E-055  0.69089816E-025  0.28811651E-095  0.00000000E+000  0.00000000E+000  0.00000000E+000  0.00000000E+000
  0.25864591E+003  0.31916905E+002  0.10000000E+003  0.77380540E-034  0.00000000E+000  0.25759437E-062  0.00000000E+000  0.26003282E-055  0.69089665E-025  0.27522921E-102  0.00000000E+000  0.00000000E+000  0.00000000E+000  0.00000000E+000
  0.28308790E+003  0.34933046E+002  0.10000000E+003  0.77380653E-034  0.00000000E+000  0.64986749E-066  0.00000000E+000  0.26003282E-055  0.69089732E-025  0.57071772E-110  0.00000000E+000  0.00000000E+000  0.00000000E+000  0.00000000E+000
  0.30983965E+003  0.38234212E+002  0.10000000E+003  0.77381413E-034  0.00000000E+000  0.74933943E-070  0.00000000E+000  0.26003282E-055  0.69090180E-025  0.22228557E-118  0.00000000E+000  0.00000000E+000  0.00000000E+000  0.00000000E+000
  0.33911943E+003  0.41847338E+002  0.10000000E+003  0.77381439E-034  0.00000000E+000  0.36677243E-074  0.00000000E+000  0.26003282E-055  0.69090194E-025  0.13889874E-127  0.00000000E+000  0.00000000E+000  0.00000000E+000  0.00000000E+000
  0.37116615E+003  0.45801903E+002  0.10000000E+003  0.77380535E-034  0.00000000E+000  0.70277181E-079  0.00000000E+000  0.26003282E-055  0.69089659E-025  0.11720093E-137  0.00000000E+000  0.00000000E+000  0.00000000E+000  0.00000000E+000
  0.40624128E+003  0.50130173E+002  0.10000000E+003  0.77380727E-034  0.00000000E+000  0.48238608E-084  0.00000000E+000  0.26003282E-055  0.69089776E-025  0.24156886E-145  0.00000000E+000  0.00000000E+000  0.00000000E+000  0.00000000E+000
  0.44463099E+003  0.54867465E+002  0.10000000E+003  0.77380974E-034  0.00000000E+000  0.10765458E-089  0.00000000E+000  0.26003282E-055  0.69089921E-025  0.43553527E-147  0.00000000E+000  0.00000000E+000  0.00000000E+000  0.00000000E+000
  0.48664853E+003  0.60052429E+002  0.10000000E+003  0.77381735E-034  0.00000000E+000  0.70243712E-096  0.00000000E+000  0.26003283E-055  0.69090370E-025  0.53727530E-149  0.00000000E+000  0.00000000E+000  0.00000000E+000  0.00000000E+000
  0.53263672E+003  0.65727372E+002  0.10000000E+003  0.77381709E-034  0.00000000E+000  0.11931101E-102  0.00000000E+000  0.26003283E-055  0.69090354E-025  0.43750869E-151  0.00000000E+000  0.00000000E+000  0.00000000E+000  0.00000000E+000
  0.58297079E+003  0.71938595E+002  0.10000000E+003  0.77380822E-034  0.00000000E+000  0.46453130E-110  0.00000000E+000  0.26003282E-055  0.69089831E-025  0.22612372E-153  0.00000000E+000  0.00000000E+000  0.00000000E+000  0.00000000E+000
  0.63806141E+003  0.78736778E+002  0.10000000E+003  0.77381124E-034  0.00000000E+000  0.36066922E-118  0.00000000E+000  0.26003282E-055  0.69090010E-025  0.71058929E-156  0.00000000E+000  0.00000000E+000  0.00000000E+000  0.00000000E+000
  0.69835808E+003  0.86177388E+002  0.10000000E+003  0.77381249E-034  0.00000000E+000  0.47953866E-127  0.00000000E+000  0.26003282E-055  0.69090083E-025  0.12953407E-158  0.00000000E+000  0.00000000E+000  0.00000000E+000  0.00000000E+000
  0.76435278E+003  0.94321133E+002  0.10000000E+003  0.77381652E-034  0.00000000E+000  0.92411437E-137  0.00000000E+000  0.26003283E-055  0.69090321E-025  0.16045460E-162  0.00000000E+000  0.00000000E+000  0.00000000E+000  0.00000000E+000
  0.83658397E+003  0.10323446E+003  0.10000000E+003  0.77381652E-034  0.00000000E+000  0.21506170E-147  0.00000000E+000  0.26003283E-055  0.69090321E-025  0.83934714E-166  0.00000000E+000  0.00000000E+000  0.00000000E+000  0.00000000E+000
  0.91564098E+003  0.11299010E+003  0.10000000E+003  0.77381652E-034  0.00000000E+000  0.49495840E-159  0.00000000E+000  0.26003283E-055  0.69090321E-025  0.21499998E-169  0.00000000E+000  0.00000000E+000  0.00000000E+000  0.00000000E+000
  0.10021689E+004  0.12366764E+003  0.10000000E+003  0.77381652E-034  0.00000000E+000  0.90528679E-172  0.00000000E+000  0.26003283E-055  0.69090321E-025  0.25208029E-173  0.00000000E+000  0.00000000E+000  0.00000000E+000  0.00000000E+000
  0.10968736E+004  0.13535421E+003  0.10000000E+003  0.77381652E-034  0.00000000E+000  0.10358235E-185  0.00000000E+000  0.26003283E-055  0.69090321E-025  0.12565222E-177  0.00000000E+000  0.00000000E+000  0.00000000E+000  0.00000000E+000
  0.12005280E+004  0.14814515E+003  0.10000000E+003  0.77381652E-034  0.00000000E+000  0.57057979E-201  0.00000000E+000  0.26003283E-055  0.69090321E-025  0.24560004E-182  0.00000000E+000  0.00000000E+000  0.00000000E+000  0.00000000E+000
  0.13139776E+004  0.16214484E+003  0.10000000E+003  0.77381652E-034  0.00000000E+000  0.11359977E-217  0.00000000E+000  0.26003283E-055  0.69090321E-025  0.29796018E-187  0.00000000E+000  0.00000000E+000  0.00000000E+000  0.00000000E+000
  0.14381482E+004  0.17746749E+003  0.10000000E+003  0.77381652E-034  0.00000000E+000  0.59731459E-236  0.00000000E+000  0.26003283E-055  0.69090321E-025  0.28136073E-187  0.00000000E+000  0.00000000E+000  0.00000000E+000  0.00000000E+000
  0.15740530E+004  0.19423814E+003  0.10000000E+003  0.77381652E-034  0.00000000E+000  0.58836997E-256  0.00000000E+000  0.26003283E-055  0.69090321E-025  0.28136073E-187  0.00000000E+000  0.00000000E+000  0.00000000E+000  0.00000000E+000
  0.17228007E+004  0.21259360E+003  0.10000000E+003  0.77381652E-034  0.00000000E+000  0.74556011E-278  0.00000000E+000  0.26003283E-055  0.69090321E-025  0.28136073E-187  0.00000000E+000  0.00000000E+000  0.00000000E+000  0.00000000E+000
  0.18856050E+004  0.23268365E+003  0.10000000E+003  0.77381652E-034  0.00000000E+000  0.80544681E-302  0.00000000E+000  0.26003283E-055  0.69090321E-025  0.28136073E-187  0.00000000E+000  0.00000000E+000  0.00000000E+000  0.00000000E+000
  0.20637943E+004  0.25467221E+003  0.10000000E+003  0.77381652E-034  0.00000000E+000  0.00000000E+000  0.00000000E+000  0.26003283E-055  0.69090321E-025  0.28136073E-187  0.00000000E+000  0.00000000E+000  0.00000000E+000  0.00000000E+000
  0.22588224E+004  0.27873868E+003  0.10000000E+003  0.77381652E-034  0.00000000E+000  0.00000000E+000  0.00000000E+000  0.26003283E-055  0.69090321E-025  0.28136073E-187  0.00000000E+000  0.00000000E+000  0.00000000E+000  0.00000000E+000
  0.24722807E+004  0.30507943E+003  0.10000000E+003  0.77381652E-034  0.00000000E+000  0.00000000E+000  0.00000000E+000  0.26003283E-055  0.69090321E-025  0.28136073E-187  0.00000000E+000  0.00000000E+000  0.00000000E+000  0.00000000E+000
  0.27059107E+004  0.33390938E+003  0.10000000E+003  0.77381652E-034  0.00000000E+000  0.00000000E+000  0.00000000E+000  0.26003283E-055  0.69090321E-025  0.28136073E-187  0.00000000E+000  0.00000000E+000  0.00000000E+000  0.00000000E+000
  0.29616187E+004  0.36546375E+003  0.10000000E+003  0.77381652E-034  0.00000000E+000  0.00000000E+000  0.00000000E+000  0.26003283E-055  0.69090321E-025  0.28136073E-187  0.00000000E+000  0.00000000E+000  0.00000000E+000  0.00000000E+000
  0.32414911E+004  0.40000000E+003  0.10000000E+003  0.77381652E-034  0.00000000E+000  0.00000000E+000  0.00000000E+000  0.26003283E-055  0.69090321E-025  0.28136073E-187  0.00000000E+000  0.00000000E+000  0.00000000E+000  0.00000000E+000
