4.47790353255 0.0
4.4799435917 0.0
4.48198365084 0.0
4.48402370999 0.0
4.48606376914 0.0
4.48810382829 0.0
4.49014388743 0.0
4.49218394658 0.0
4.49422400573 0.0
4.49626406488 0.0
4.49830412402 0.0
4.50034418317 0.0
4.50238424232 0.0
4.50442430147 0.0
4.50646436061 0.0
4.50850441976 0.0
4.51054447891 0.0
4.51258453806 0.0
4.5146245972 0.0
4.51666465635 0.0
4.5187047155 0.0
4.52074477465 0.0
4.52278483379 0.0
4.52482489294 0.0
4.52686495209 0.0
4.52890501123 0.0
4.53094507038 0.0
4.53298512953 0.0
4.53502518868 0.0
4.53706524782 0.0
4.53910530697 0.0
4.54114536612 0.0
4.54318542527 0.0
4.54522548441 0.0
4.54726554356 0.0
4.54930560271 0.0
4.55134566186 0.0
4.553385721 0.0
4.55542578015 0.0
4.5574658393 0.0
4.55950589845 0.0
4.56154595759 0.0
4.56358601674 0.0
4.56562607589 0.0
4.56766613504 0.0
4.56970619418 0.0
4.57174625333 0.0
4.57378631248 0.0
4.57582637162 0.0
4.57786643077 0.0
4.57990648992 0.0
4.58194654907 0.0
4.58398660821 0.0
4.58602666736 0.0
4.58806672651 0.0
4.59010678566 0.0
4.5921468448 0.0
4.59418690395 0.0
4.5962269631 0.0
4.59826702225 0.0
4.60030708139 0.0
4.60234714054 0.0
4.60438719969 0.0
4.60642725884 0.0
4.60846731798 0.0
4.61050737713 0.0
4.61254743628 0.0
4.61458749543 0.0
4.61662755457 0.0
4.61866761372 0.0
4.62070767287 0.0
4.62274773201 0.0
4.62478779116 0.0
4.62682785031 0.0
4.62886790946 0.0
4.6309079686 0.0
4.63294802775 0.0
4.6349880869 0.0
4.63702814605 0.0
4.63906820519 0.0
4.64110826434 0.0
4.64314832349 0.0
4.64518838264 0.0
4.64722844178 0.0
4.64926850093 0.0
4.65130856008 0.0
4.65334861923 0.0
4.65538867837 0.0
4.65742873752 0.0
4.65946879667 0.0
4.66150885582 0.0
4.66354891496 0.0
4.66558897411 0.0
4.66762903326 0.0
4.6696690924 0.0
4.67170915155 0.0
4.6737492107 0.0
4.67578926985 0.0
4.67782932899 0.0
4.67986938814 0.0
4.68190944729 0.0
4.68394950644 0.0
4.68598956558 0.0
4.68802962473 0.0
4.69006968388 0.0
4.69210974303 0.0
4.69414980217 0.0
4.69618986132 0.0
4.69822992047 0.0
4.70026997962 0.0
4.70231003876 0.0
4.70435009791 0.0
4.70639015706 0.0
4.70843021621 0.0
4.71047027535 0.0
4.7125103345 0.0
4.71455039365 0.0
4.71659045279 0.0
4.71863051194 0.0
4.72067057109 0.0
4.72271063024 0.0
4.72475068938 0.0
4.72679074853 0.0
4.72883080768 0.0
4.73087086683 0.0
4.73291092597 0.0
4.73495098512 0.0
4.73699104427 0.0
4.73903110342 0.0
4.74107116256 0.0
4.74311122171 0.0
4.74515128086 0.0
4.74719134001 0.0
4.74923139915 0.0
4.7512714583 0.0
4.75331151745 0.0
4.7553515766 0.0
4.75739163574 0.0
4.75943169489 0.0
4.76147175404 0.0
4.76351181319 0.0
4.76555187233 0.0
4.76759193148 0.0
4.76963199063 0.0
4.77167204977 0.0
4.77371210892 0.0
4.77575216807 0.0
4.77779222722 0.0
4.77983228636 0.0
4.78187234551 0.0
4.78391240466 0.0
4.78595246381 0.0
4.78799252295 0.0
4.7900325821 0.0
4.79207264125 0.0
4.7941127004 0.0
4.79615275954 0.0
4.79819281869 0.0
4.80023287784 0.0
4.80227293699 0.0
4.80431299613 0.0
4.80635305528 0.0
4.80839311443 0.0
4.81043317358 0.0
4.81247323272 0.0
4.81451329187 0.0
4.81655335102 0.0
4.81859341016 0.0
4.82063346931 0.0
4.82267352846 0.0
4.82471358761 0.0
4.82675364675 0.0
4.8287937059 0.0
4.83083376505 0.0
4.8328738242 0.0
4.83491388334 0.0
4.83695394249 0.0
4.83899400164 0.0
4.84103406079 0.0
4.84307411993 0.0
4.84511417908 0.0
4.84715423823 0.0
4.84919429738 0.0
4.85123435652 0.0
4.85327441567 0.0
4.85531447482 0.0
4.85735453397 0.0
4.85939459311 0.0
4.86143465226 0.0
4.86347471141 0.0
4.86551477055 0.0
4.8675548297 0.0
4.86959488885 0.0
4.871634948 0.0
4.87367500714 0.0
4.87571506629 0.0
4.87775512544 0.0
4.87979518459 0.0
4.88183524373 0.0
4.88387530288 0.0
4.88591536203 0.0
4.88795542118 0.0
4.88999548032 0.0
4.89203553947 0.0
4.89407559862 0.0
4.89611565777 0.0
4.89815571691 0.0
4.90019577606 0.0
4.90223583521 0.0
4.90427589436 0.0
4.9063159535 0.0
4.90835601265 0.0
4.9103960718 0.0
4.91243613094 0.0
4.91447619009 0.0
4.91651624924 0.0
4.91855630839 0.0
4.92059636753 0.0
4.92263642668 0.0
4.92467648583 0.0
4.92671654498 0.0
4.92875660412 0.0
4.93079666327 0.0
4.93283672242 0.0
4.93487678157 0.0
4.93691684071 0.0
4.93895689986 0.0
4.94099695901 0.0
4.94303701816 0.0
4.9450770773 0.0
4.94711713645 0.0
4.9491571956 0.0
4.95119725475 0.0
4.95323731389 0.0
4.95527737304 0.0
4.95731743219 0.0
4.95935749133 0.0
4.96139755048 0.0
4.96343760963 0.0
4.96547766878 0.0
4.96751772792 0.0
4.96955778707 0.0
4.97159784622 0.0
4.97363790537 0.0
4.97567796451 0.0
4.97771802366 0.0
4.97975808281 0.0
4.98179814196 0.0
4.9838382011 0.0
4.98587826025 0.0
4.9879183194 0.0
4.98995837855 0.0
4.99199843769 0.0
4.99403849684 0.0
4.99607855599 0.0
4.99811861514 0.0
5.00015867428 0.0
5.00219873343 0.0
5.00423879258 0.0
5.00627885172 0.0
5.00831891087 0.0
5.01035897002 0.0
5.01239902917 0.0
5.01443908831 0.0
5.01647914746 0.0
5.01851920661 0.0
5.02055926576 0.0
5.0225993249 0.0
5.02463938405 0.0
5.0266794432 0.0
5.02871950235 0.0
5.03075956149 0.0
5.03279962064 0.0
5.03483967979 0.0
5.03687973894 0.0
5.03891979808 0.0
5.04095985723 0.0
5.04299991638 0.0
5.04503997553 0.0
5.04708003467 0.0
5.04912009382 0.0
5.05116015297 0.0
5.05320021212 0.0
5.05524027126 0.0
5.05728033041 0.0
5.05932038956 0.0
5.0613604487 0.0
5.06340050785 0.0
5.065440567 0.0
5.06748062615 0.0
5.06952068529 0.0
5.07156074444 0.0
5.07360080359 0.0
5.07564086274 0.0
5.07768092188 0.0
5.07972098103 0.0
5.08176104018 0.0
5.08380109933 0.0
5.08584115847 0.0
5.08788121762 0.0
5.08992127677 0.0
5.09196133592 0.0
5.09400139506 0.0
5.09604145421 0.0
5.09808151336 0.0
5.10012157251 0.0
5.10216163165 0.0
5.1042016908 0.0
5.10624174995 0.0
5.10828180909 0.0
5.11032186824 0.0
5.11236192739 0.0
5.11440198654 0.0
5.11644204568 0.0
5.11848210483 0.0
5.12052216398 0.0
5.12256222313 0.0
5.12460228227 0.0
5.12664234142 0.0
5.12868240057 0.0
5.13072245972 0.0
5.13276251886 0.0
5.13480257801 0.0
5.13684263716 0.0
5.13888269631 0.0
5.14092275545 0.0
5.1429628146 0.0
5.14500287375 0.0
5.1470429329 0.0
5.14908299204 0.0
5.15112305119 0.0
5.15316311034 0.0
5.15520316948 0.0
5.15724322863 0.0
5.15928328778 0.0
5.16132334693 0.0
5.16336340607 0.0
5.16540346522 0.0
5.16744352437 0.0
5.16948358352 0.0
5.17152364266 0.0
5.17356370181 0.0
5.17560376096 0.0
5.17764382011 0.0
5.17968387925 0.0
5.1817239384 0.0
5.18376399755 0.0
5.1858040567 0.0
5.18784411584 0.0
5.18988417499 0.0
5.19192423414 0.0
5.19396429329 0.0
5.19600435243 0.0
5.19804441158 0.0
5.20008447073 0.0
5.20212452987 0.0
5.20416458902 0.0
5.20620464817 0.0
5.20824470732 0.0
5.21028476646 0.0
5.21232482561 0.0
5.21436488476 0.0
5.21640494391 0.0
5.21844500305 0.0
5.2204850622 0.0
5.22252512135 0.0
5.2245651805 0.0
5.22660523964 0.0
5.22864529879 0.0
5.23068535794 0.0
5.23272541709 0.0
5.23476547623 0.0
5.23680553538 0.0
5.23884559453 0.0
5.24088565368 0.0
5.24292571282 0.0
5.24496577197 0.0
5.24700583112 0.0
5.24904589026 0.0
5.25108594941 0.0
5.25312600856 0.0
5.25516606771 0.0
5.25720612685 0.0
5.259246186 0.0
5.26128624515 0.0
5.2633263043 0.0
5.26536636344 0.0
5.26740642259 0.0
5.26944648174 0.0
5.27148654089 0.0
5.27352660003 0.0
5.27556665918 0.0
5.27760671833 0.0
5.27964677748 0.0
5.28168683662 0.0
5.28372689577 0.0
5.28576695492 0.0
5.28780701407 0.0
5.28984707321 0.0
5.29188713236 0.0
5.29392719151 0.0
5.29596725065 0.0
5.2980073098 0.0
5.30004736895 0.0
5.3020874281 0.0
5.30412748724 0.0
5.30616754639 0.0
5.30820760554 0.0
5.31024766469 0.0
5.31228772383 0.0
5.31432778298 0.0
5.31636784213 0.0
5.31840790128 0.0
5.32044796042 0.0
5.32248801957 0.0
5.32452807872 0.0
5.32656813787 0.0
5.32860819701 0.0
5.33064825616 0.0
5.33268831531 0.0
5.33472837446 0.0
5.3367684336 0.0
5.33880849275 0.0
5.3408485519 0.0
5.34288861105 0.0
5.34492867019 0.0
5.34696872934 0.0
5.34900878849 0.0
5.35104884763 0.0
5.35308890678 0.0
5.35512896593 0.0
5.35716902508 0.0
5.35920908422 0.0
5.36124914337 0.0
5.36328920252 0.0
5.36532926167 0.0
5.36736932081 0.0
5.36940937996 0.0
5.37144943911 0.0
5.37348949826 0.0
5.3755295574 0.0
5.37756961655 0.0
5.3796096757 0.0
5.38164973485 0.0
5.38368979399 0.0
5.38572985314 0.0
5.38776991229 0.0
5.38980997144 0.0
5.39185003058 0.0
5.39389008973 0.0
5.39593014888 0.0
5.39797020802 0.0
5.40001026717 0.0
5.40205032632 0.0
5.40409038547 0.0
5.40613044461 0.0
5.40817050376 0.0
5.41021056291 0.0
5.41225062206 0.0
5.4142906812 0.0
5.41633074035 0.0
5.4183707995 0.0
5.42041085865 0.0
5.42245091779 0.0
5.42449097694 0.0
5.42653103609 0.0
5.42857109524 0.0
5.43061115438 0.0
5.43265121353 0.0
5.43469127268 0.0
5.43673133183 0.0
5.43877139097 0.0
5.44081145012 0.0
5.44285150927 0.0
5.44489156841 0.0
5.44693162756 0.0
5.44897168671 0.0
5.45101174586 0.0
5.453051805 0.0
5.45509186415 0.0
5.4571319233 0.0
5.45917198245 0.0
5.46121204159 0.0
5.46325210074 0.0
5.46529215989 0.0
5.46733221904 0.0
5.46937227818 0.0
5.47141233733 0.0
5.47345239648 0.0
5.47549245563 0.0
5.47753251477 0.0
5.47957257392 0.0
5.48161263307 0.0
5.48365269222 0.0
5.48569275136 0.0
5.48773281051 0.0
5.48977286966 0.0
5.4918129288 0.0
5.49385298795 0.0
5.4958930471 0.0
5.49793310625 0.0
5.49997316539 0.0
5.50201322454 0.0
5.50405328369 0.0
5.50609334284 0.0
5.50813340198 0.0
5.51017346113 0.0
5.51221352028 0.0
5.51425357943 0.0
5.51629363857 0.0
5.51833369772 0.0
5.52037375687 0.0
5.52241381602 0.0
5.52445387516 0.0
5.52649393431 0.0
5.52853399346 0.0
5.53057405261 0.0
5.53261411175 0.0
5.5346541709 0.0
5.53669423005 0.0
5.53873428919 0.0
5.54077434834 0.0
5.54281440749 0.0
5.54485446664 0.0
5.54689452578 0.0
5.54893458493 0.0
5.55097464408 0.0
5.55301470323 0.0
5.55505476237 0.0
5.55709482152 0.0
5.55913488067 0.0
5.56117493982 0.0
5.56321499896 0.0
5.56525505811 0.0
5.56729511726 0.0
5.56933517641 0.0
5.57137523555 0.0
5.5734152947 0.0
5.57545535385 0.0
5.577495413 0.0
5.57953547214 0.0
5.58157553129 0.0
5.58361559044 0.0
5.58565564958 0.0
5.58769570873 0.0
5.58973576788 0.0
5.59177582703 0.0
5.59381588617 0.0
5.59585594532 0.0
5.59789600447 0.0
5.59993606362 0.0
5.60197612276 0.0
5.60401618191 0.0
5.60605624106 0.0
5.60809630021 0.0
5.61013635935 0.0
5.6121764185 0.0
5.61421647765 0.0
5.6162565368 0.0
5.61829659594 0.0
5.62033665509 0.0
5.62237671424 0.0
5.62441677339 0.0
5.62645683253 0.0
5.62849689168 0.0
5.63053695083 0.0
5.63257700998 0.0
5.63461706912 0.0
5.63665712827 0.0
5.63869718742 0.0
5.64073724656 0.0
5.64277730571 0.0
5.64481736486 0.0
5.64685742401 0.0
5.64889748315 0.0
5.6509375423 0.0
5.65297760145 0.0
5.6550176606 0.0
5.65705771974 0.0
5.65909777889 0.0
5.66113783804 0.0
5.66317789719 0.0
5.66521795633 0.0
5.66725801548 0.0
5.66929807463 0.0
5.67133813378 0.0
5.67337819292 0.0
5.67541825207 0.0
5.67745831122 0.0
5.67949837037 0.0
5.68153842951 0.0
5.68357848866 0.0
5.68561854781 0.0
5.68765860695 0.0
5.6896986661 0.0
5.69173872525 0.0
5.6937787844 0.0
5.69581884354 0.0
5.69785890269 0.0
5.69989896184 0.0
5.70193902099 0.0
5.70397908013 0.0
5.70601913928 0.0
5.70805919843 0.0
5.71009925758 0.0
5.71213931672 0.0
5.71417937587 0.0
5.71621943502 0.0
5.71825949417 0.0
5.72029955331 0.0
5.72233961246 0.0
5.72437967161 0.0
5.72641973076 0.0
5.7284597899 0.0
5.73049984905 0.0
5.7325399082 0.0
5.73457996734 0.0
5.73662002649 0.0
5.73866008564 0.0
5.74070014479 0.0
5.74274020393 0.0
5.74478026308 0.0
5.74682032223 0.0
5.74886038138 0.0
5.75090044052 0.0
5.75294049967 0.0
5.75498055882 0.0
5.75702061797 0.0
5.75906067711 0.0
5.76110073626 0.0
5.76314079541 0.0
5.76518085456 0.0
5.7672209137 0.0
5.76926097285 0.0
5.771301032 0.0
5.77334109115 0.0
5.77538115029 0.0
5.77742120944 0.0
5.77946126859 0.0
5.78150132773 0.0
5.78354138688 0.0
5.78558144603 0.0
5.78762150518 0.0
5.78966156432 0.0
5.79170162347 0.0
5.79374168262 0.0
5.79578174177 0.0
5.79782180091 0.0
5.79986186006 0.0
5.80190191921 0.0
5.80394197836 0.0
5.8059820375 0.0
5.80802209665 0.0
5.8100621558 0.0
5.81210221495 0.0
5.81414227409 0.0
5.81618233324 0.0
5.81822239239 0.0
5.82026245154 0.0
5.82230251068 0.0
5.82434256983 0.0
5.82638262898 0.0
5.82842268812 0.0
5.83046274727 0.0
5.83250280642 0.0
5.83454286557 0.0
5.83658292471 0.0
5.83862298386 0.0
5.84066304301 0.0
5.84270310216 0.0
5.8447431613 0.0
5.84678322045 0.0
5.8488232796 0.0
5.85086333875 0.0
5.85290339789 0.0
5.85494345704 0.0
5.85698351619 0.0
5.85902357534 0.0
5.86106363448 0.0
5.86310369363 0.0
5.86514375278 0.0
5.86718381193 0.0
5.86922387107 0.0
5.87126393022 0.0
5.87330398937 0.0
5.87534404851 0.0
5.87738410766 0.0
5.87942416681 0.0
5.88146422596 0.0
5.8835042851 0.0
5.88554434425 0.0
5.8875844034 0.0
5.88962446255 0.0
5.89166452169 0.0
5.89370458084 0.0
5.89574463999 0.0
5.89778469914 0.0
5.89982475828 0.0
5.90186481743 0.0
5.90390487658 0.0
5.90594493573 0.0
5.90798499487 0.0
5.91002505402 0.0
5.91206511317 0.0
5.91410517232 0.0
5.91614523146 0.0
5.91818529061 0.0
5.92022534976 0.0
5.9222654089 0.0
5.92430546805 0.0
5.9263455272 0.0
5.92838558635 0.0
5.93042564549 0.0
5.93246570464 0.0
5.93450576379 0.0
5.93654582294 0.0
5.93858588208 0.0
5.94062594123 0.0
5.94266600038 0.0
5.94470605953 0.0
5.94674611867 0.0
5.94878617782 0.0
5.95082623697 0.0
5.95286629612 0.0
5.95490635526 0.0
5.95694641441 0.0
5.95898647356 0.0
5.96102653271 0.0
5.96306659185 0.0
5.965106651 0.0
5.96714671015 0.0
5.9691867693 0.0
5.97122682844 0.0
5.97326688759 0.0
5.97530694674 0.0
5.97734700588 0.0
5.97938706503 0.0
5.98142712418 0.0
5.98346718333 0.0
5.98550724247 0.0
5.98754730162 0.0
5.98958736077 0.0
5.99162741992 0.0
5.99366747906 0.0
5.99570753821 0.0
5.99774759736 0.0
5.99978765651 0.0
6.00182771565 0.0
6.0038677748 0.0
6.00590783395 0.0
6.0079478931 0.0
6.00998795224 0.0
6.01202801139 0.0
6.01406807054 0.0
6.01610812969 0.0
6.01814818883 0.0
6.02018824798 0.0
6.02222830713 0.0
6.02426836627 0.0
6.02630842542 0.0
6.02834848457 0.0
6.03038854372 0.0
6.03242860286 0.0
6.03446866201 0.0
6.03650872116 0.0
6.03854878031 0.0
6.04058883945 0.0
6.0426288986 0.0
6.04466895775 0.0
6.0467090169 0.0
6.04874907604 0.0
6.05078913519 0.0
6.05282919434 0.0
6.05486925349 0.0
6.05690931263 0.0
6.05894937178 0.0
6.06098943093 0.0
6.06302949008 0.0
6.06506954922 0.0
6.06710960837 0.0
6.06914966752 0.0
6.07118972666 0.0
6.07322978581 0.0
6.07526984496 0.0
6.07730990411 0.0
6.07934996325 0.0
6.0813900224 0.0
6.08343008155 0.0
6.0854701407 0.0
6.08751019984 0.0
6.08955025899 0.0
6.09159031814 0.0
6.09363037729 0.0
6.09567043643 0.0
6.09771049558 0.0
6.09975055473 0.0
6.10179061388 0.0
6.10383067302 0.0
6.10587073217 0.0
6.10791079132 0.0
6.10995085047 0.0
6.11199090961 0.0
6.11403096876 0.0
6.11607102791 0.0
6.11811108705 0.0
6.1201511462 0.0
6.12219120535 0.0
6.1242312645 0.0
6.12627132364 0.0
6.12831138279 0.0
6.13035144194 0.0
6.13239150109 0.0
6.13443156023 0.0
6.13647161938 0.0
6.13851167853 0.0
6.14055173768 0.0
6.14259179682 0.0
6.14463185597 0.0
6.14667191512 0.0
6.14871197427 0.0
6.15075203341 0.0
6.15279209256 0.0
6.15483215171 0.0
6.15687221086 0.0
6.15891227 0.0
6.16095232915 0.0
6.1629923883 0.0
6.16503244744 0.0
6.16707250659 0.0
6.16911256574 0.0
6.17115262489 0.0
6.17319268403 0.0
6.17523274318 0.0
6.17727280233 0.0
6.17931286148 0.0
6.18135292062 0.0
6.18339297977 0.0
6.18543303892 0.0
6.18747309807 0.0
6.18951315721 0.0
6.19155321636 0.0
6.19359327551 0.0
6.19563333466 0.0
6.1976733938 0.0
6.19971345295 0.0
6.2017535121 0.0
6.20379357125 0.0
6.20583363039 0.0
6.20787368954 0.0
6.20991374869 0.0
6.21195380783 0.0
6.21399386698 0.0
6.21603392613 0.0
6.21807398528 0.0
6.22011404442 0.0
6.22215410357 0.0
6.22419416272 0.0
6.22623422187 0.0
6.22827428101 0.0
6.23031434016 0.0
6.23235439931 0.0
6.23439445846 0.0
6.2364345176 0.0
6.23847457675 0.0
6.2405146359 0.0
6.24255469505 0.0
6.24459475419 0.0
6.24663481334 0.0
6.24867487249 0.0
6.25071493164 0.0
6.25275499078 0.0
6.25479504993 0.0
6.25683510908 0.0
6.25887516823 0.0
6.26091522737 0.0
6.26295528652 0.0
6.26499534567 0.0
6.26703540481 0.0
6.26907546396 0.0
6.27111552311 0.0
6.27315558226 0.0
6.2751956414 0.0
6.27723570055 0.0
6.2792757597 0.0
6.28131581885 0.0
6.28335587799 0.0
6.28539593714 0.0
6.28743599629 0.0
6.28947605544 0.0
6.29151611458 0.0
6.29355617373 0.0
6.29559623288 0.0
6.29763629203 0.0
6.29967635117 0.0
6.30171641032 0.0
6.30375646947 0.0
6.30579652862 0.0
6.30783658776 0.0
6.30987664691 0.0
6.31191670606 0.0
6.3139567652 0.0
6.31599682435 0.0
6.3180368835 0.0
6.32007694265 0.0
6.32211700179 0.0
6.32415706094 0.0
6.32619712009 0.0
6.32823717924 0.0
6.33027723838 0.0
6.33231729753 0.0
6.33435735668 0.0
6.33639741583 0.0
6.33843747497 0.0
6.34047753412 0.0
6.34251759327 0.0
6.34455765242 0.0
6.34659771156 0.0
6.34863777071 0.0
6.35067782986 0.0
6.35271788901 0.0
6.35475794815 0.0
6.3567980073 0.0
6.35883806645 0.0
6.36087812559 0.0
6.36291818474 0.0
6.36495824389 0.0
6.36699830304 0.0
6.36903836218 0.0
6.37107842133 0.0
6.37311848048 0.0
6.37515853963 0.0
6.37719859877 0.0
6.37923865792 0.0
6.38127871707 0.0
6.38331877622 0.0
6.38535883536 0.0
6.38739889451 0.0
6.38943895366 0.0
6.39147901281 0.0
6.39351907195 0.0
6.3955591311 0.0
6.39759919025 0.0
6.3996392494 0.0
6.40167930854 0.0
6.40371936769 0.0
6.40575942684 0.0
6.40779948598 0.0
6.40983954513 0.0
6.41187960428 0.0
6.41391966343 0.0
6.41595972257 0.0
6.41799978172 0.0
6.42003984087 0.0
6.42207990002 0.0
6.42411995916 0.0
6.42616001831 0.0
6.42820007746 0.0
6.43024013661 0.0
6.43228019575 0.0
6.4343202549 0.0
6.43636031405 0.0
6.4384003732 0.0
6.44044043234 0.0
6.44248049149 0.0
6.44452055064 0.0
6.44656060979 0.0
6.44860066893 0.0
6.45064072808 0.0
6.45268078723 0.0
6.45472084637 0.0
6.45676090552 0.0
6.45880096467 0.0
6.46084102382 0.0
6.46288108296 0.0
6.46492114211 0.0
6.46696120126 0.0
6.46900126041 0.0
6.47104131955 0.0
6.4730813787 0.0
6.47512143785 0.0
6.477161497 0.0
6.47920155614 0.0
6.48124161529 0.0
6.48328167444 0.0
6.48532173359 0.0
6.48736179273 0.0
6.48940185188 0.0
6.49144191103 0.0
6.49348197018 0.0
6.49552202932 0.0
6.49756208847 0.0
6.49960214762 0.0
6.50164220676 0.0
6.50368226591 0.0
6.50572232506 0.0
6.50776238421 0.0
6.50980244335 0.0
6.5118425025 0.0
6.51388256165 0.0
6.5159226208 0.0
6.51796267994 0.0
6.52000273909 0.0
6.52204279824 0.0
6.52408285739 0.0
6.52612291653 0.0
6.52816297568 0.0
6.53020303483 0.0
6.53224309398 0.0
6.53428315312 0.0
6.53632321227 0.0
6.53836327142 0.0
6.54040333057 0.0
6.54244338971 0.0
6.54448344886 0.0
6.54652350801 0.0
6.54856356716 0.0
6.5506036263 0.0
6.55264368545 0.0
6.5546837446 0.0
6.55672380374 0.0
6.55876386289 0.0
6.56080392204 0.0
6.56284398119 0.0
6.56488404033 0.0
6.56692409948 0.0
6.56896415863 0.0
6.57100421778 0.0
6.57304427692 0.0
6.57508433607 0.0
6.57712439522 0.0
6.57916445437 0.0
6.58120451351 0.0
6.58324457266 0.0
6.58528463181 0.0
6.58732469096 0.0
6.5893647501 0.0
6.59140480925 0.0
6.5934448684 0.0
6.59548492755 0.0
6.59752498669 0.0
6.59956504584 0.0
6.60160510499 0.0
6.60364516413 0.0
6.60568522328 0.0
6.60772528243 0.0
6.60976534158 0.0
6.61180540072 0.0
6.61384545987 0.0
6.61588551902 0.0
6.61792557817 0.0
6.61996563731 0.0
6.62200569646 0.0
6.62404575561 0.0
6.62608581476 0.0
6.6281258739 0.0
6.63016593305 0.0
6.6322059922 0.0
6.63424605135 0.0
6.63628611049 0.0
6.63832616964 0.0
6.64036622879 0.0
6.64240628794 0.0
6.64444634708 0.0
6.64648640623 0.0
6.64852646538 0.0
6.65056652452 0.0
6.65260658367 0.0
6.65464664282 0.0
6.65668670197 0.0
6.65872676111 0.0
6.66076682026 0.0
6.66280687941 0.0
6.66484693856 0.0
6.6668869977 0.0
6.66892705685 0.0
6.670967116 0.0
6.67300717515 0.0
6.67504723429 0.0
6.67708729344 0.0
6.67912735259 0.0
6.68116741174 0.0
6.68320747088 0.0
6.68524753003 0.0
6.68728758918 0.0
6.68932764833 0.0
6.69136770747 0.0
6.69340776662 0.0
6.69544782577 0.0
6.69748788491 0.0
6.69952794406 0.0
6.70156800321 0.0
6.70360806236 0.0
6.7056481215 0.0
6.70768818065 0.0
6.7097282398 0.0
6.71176829895 0.0
6.71380835809 0.0
6.71584841724 0.0
6.71788847639 0.0
6.71992853554 0.0
6.72196859468 0.0
6.72400865383 0.0
6.72604871298 0.0
6.72808877213 0.0
6.73012883127 0.0
6.73216889042 0.0
6.73420894957 0.0
6.73624900872 0.0
6.73828906786 0.0
6.74032912701 0.0
6.74236918616 0.0
6.7444092453 0.0
6.74644930445 0.0
6.7484893636 0.0
6.75052942275 0.0
6.75256948189 0.0
6.75460954104 0.0
6.75664960019 0.0
6.75868965934 0.0
6.76072971848 0.0
6.76276977763 0.0
6.76480983678 0.0
6.76684989593 0.0
6.76888995507 0.0
6.77093001422 0.0
6.77297007337 0.0
6.77501013252 0.0
6.77705019166 0.0
6.77909025081 0.0
6.78113030996 0.0
6.78317036911 0.0
6.78521042825 0.0
6.7872504874 0.0
6.78929054655 0.0
6.79133060569 0.0
6.79337066484 0.0
6.79541072399 0.0
6.79745078314 0.0
6.79949084228 0.0
6.80153090143 0.0
6.80357096058 0.0
6.80561101973 0.0
6.80765107887 0.0
6.80969113802 0.0
6.81173119717 0.0
6.81377125632 0.0
6.81581131546 0.0
6.81785137461 0.0
6.81989143376 0.0
6.82193149291 0.0
6.82397155205 0.0
6.8260116112 0.0
6.82805167035 0.0
6.8300917295 0.0
6.83213178864 0.0
6.83417184779 0.0
6.83621190694 0.0
6.83825196609 0.0
6.84029202523 0.0
6.84233208438 0.0
6.84437214353 0.0
6.84641220267 0.0
6.84845226182 0.0
6.85049232097 0.0
6.85253238012 0.0
6.85457243926 0.0
6.85661249841 0.0
6.85865255756 0.0
6.86069261671 0.0
6.86273267585 0.0
6.864772735 0.0
6.86681279415 0.0
6.8688528533 0.0
6.87089291244 0.0
6.87293297159 0.0
6.87497303074 0.0
6.87701308989 0.0
6.87905314903 0.0
6.88109320818 0.0
6.88313326733 0.0
6.88517332648 0.0
6.88721338562 0.0
6.88925344477 0.0
6.89129350392 0.0
6.89333356306 0.0
6.89537362221 0.0
6.89741368136 0.0
6.89945374051 0.0
6.90149379965 0.0
6.9035338588 0.0
6.90557391795 0.0
6.9076139771 0.0
6.90965403624 0.0
6.91169409539 0.0
6.91373415454 0.0
6.91577421369 0.0
6.91781427283 0.0
6.91985433198 0.0
6.92189439113 0.0
6.92393445028 0.0
6.92597450942 0.0
6.92801456857 0.0
6.93005462772 0.0
6.93209468687 0.0
6.93413474601 0.0
6.93617480516 0.0
6.93821486431 0.0
6.94025492345 0.0
6.9422949826 0.0
6.94433504175 0.0
6.9463751009 0.0
6.94841516004 0.0
6.95045521919 0.0
6.95249527834 0.0
6.95453533749 0.0
6.95657539663 0.0
6.95861545578 0.0
6.96065551493 0.0
6.96269557408 0.0
6.96473563322 0.0
6.96677569237 0.0
6.96881575152 0.0
6.97085581067 0.0
6.97289586981 0.0
6.97493592896 0.0
6.97697598811 0.0
6.97901604726 0.0
6.9810561064 0.0
6.98309616555 0.0
6.9851362247 0.0
6.98717628384 0.0
6.98921634299 0.0
6.99125640214 0.0
6.99329646129 0.0
6.99533652043 0.0
6.99737657958 0.0
6.99941663873 0.0
7.00145669788 0.0
7.00349675702 0.0
7.00553681617 0.0
7.00757687532 0.0
7.00961693447 0.0
7.01165699361 0.0
7.01369705276 0.0
7.01573711191 0.0
7.01777717106 0.0
7.0198172302 0.0
7.02185728935 0.0
7.0238973485 0.0
7.02593740765 0.0
7.02797746679 0.0
7.03001752594 0.0
7.03205758509 0.0
7.03409764423 0.0
7.03613770338 0.0
7.03817776253 0.0
7.04021782168 0.0
7.04225788082 0.0
7.04429793997 0.0
7.04633799912 0.0
7.04837805827 0.0
7.05041811741 0.0
7.05245817656 0.0
7.05449823571 0.0
7.05653829486 0.0
7.058578354 0.0
7.06061841315 0.0
7.0626584723 0.0
7.06469853145 0.0
7.06673859059 0.0
7.06877864974 0.0
7.07081870889 0.0
7.07285876804 0.0
7.07489882718 0.0
7.07693888633 0.0
7.07897894548 0.0
7.08101900462 0.0
7.08305906377 0.0
7.08509912292 0.0
7.08713918207 0.0
7.08917924121 0.0
7.09121930036 0.0
7.09325935951 0.0
7.09529941866 0.0
7.0973394778 0.0
7.09937953695 0.0
7.1014195961 0.0
7.10345965525 0.0
7.10549971439 0.0
7.10753977354 0.0
7.10957983269 0.0
7.11161989184 0.0
7.11365995098 0.0
7.11570001013 0.0
7.11774006928 0.0
7.11978012843 0.0
7.12182018757 0.0
7.12386024672 0.0
7.12590030587 0.0
7.12794036502 0.0
7.12998042416 0.0
7.13202048331 0.0
7.13406054246 0.0
7.1361006016 0.0
7.13814066075 0.0
7.1401807199 0.0
7.14222077905 0.0
7.14426083819 0.0
7.14630089734 0.0
7.14834095649 0.0
7.15038101564 0.0
7.15242107478 0.0
7.15446113393 0.0
7.15650119308 0.0
7.15854125223 0.0
7.16058131137 0.0
7.16262137052 0.0
7.16466142967 0.0
7.16670148882 0.0
7.16874154796 0.0
7.17078160711 0.0
7.17282166626 0.0
7.17486172541 0.0
7.17690178455 0.0
7.1789418437 0.0
7.18098190285 0.0
7.18302196199 0.0
7.18506202114 0.0
7.18710208029 0.0
7.18914213944 0.0
7.19118219858 0.0
7.19322225773 0.0
7.19526231688 0.0
7.19730237603 0.0
7.19934243517 0.0
7.20138249432 0.0
7.20342255347 0.0
7.20546261262 0.0
7.20750267176 0.0
7.20954273091 0.0
7.21158279006 0.0
7.21362284921 0.0
7.21566290835 0.0
7.2177029675 0.0
7.21974302665 0.0
7.2217830858 0.0
7.22382314494 0.0
7.22586320409 0.0
7.22790326324 0.0
7.22994332238 0.0
7.23198338153 0.0
7.23402344068 0.0
7.23606349983 0.0
7.23810355897 0.0
7.24014361812 0.0
7.24218367727 0.0
7.24422373642 0.0
7.24626379556 0.0
7.24830385471 0.0
7.25034391386 0.0
7.25238397301 0.0
7.25442403215 0.0
7.2564640913 0.0
7.25850415045 0.0
7.2605442096 0.0
7.26258426874 0.0
7.26462432789 0.0
7.26666438704 0.0
7.26870444619 0.0
7.27074450533 0.0
7.27278456448 0.0
7.27482462363 0.0
7.27686468277 0.0
7.27890474192 0.0
7.28094480107 0.0
7.28298486022 0.0
7.28502491936 0.0
7.28706497851 0.0
7.28910503766 0.0
7.29114509681 0.0
7.29318515595 0.0
7.2952252151 0.0
7.29726527425 0.0
7.2993053334 0.0
7.30134539254 0.0
7.30338545169 0.0
7.30542551084 0.0
7.30746556999 0.0
7.30950562913 0.0
7.31154568828 0.0
7.31358574743 0.0
7.31562580658 0.0
7.31766586572 0.0
7.31970592487 0.0
7.32174598402 0.0
7.32378604316 0.0
7.32582610231 0.0
7.32786616146 0.0
7.32990622061 0.0
7.33194627975 0.0
7.3339863389 0.0
7.33602639805 0.0
7.3380664572 0.0
7.34010651634 0.0
7.34214657549 0.0
7.34418663464 0.0
7.34622669379 0.0
7.34826675293 0.0
7.35030681208 0.0
7.35234687123 0.0
7.35438693038 0.0
7.35642698952 0.0
7.35846704867 0.0
7.36050710782 0.0
7.36254716697 0.0
7.36458722611 0.0
7.36662728526 0.0
7.36866734441 0.0
7.37070740355 0.0
7.3727474627 0.0
7.37478752185 0.0
7.376827581 0.0
7.37886764014 0.0
7.38090769929 0.0
7.38294775844 0.0
7.38498781759 0.0
7.38702787673 0.0
7.38906793588 0.0
7.39110799503 0.0
7.39314805418 0.0
7.39518811332 0.0
7.39722817247 0.0
7.39926823162 0.0
7.40130829077 0.0
7.40334834991 0.0
7.40538840906 0.0
7.40742846821 0.0
7.40946852736 0.0
7.4115085865 0.0
7.41354864565 0.0
7.4155887048 0.0
7.41762876395 0.0
7.41966882309 0.0
7.42170888224 0.0
7.42374894139 0.0
7.42578900053 0.0
7.42782905968 0.0
7.42986911883 0.0
7.43190917798 0.0
7.43394923712 0.0
7.43598929627 0.0
7.43802935542 0.0
7.44006941457 0.0
7.44210947371 0.0
7.44414953286 0.0
7.44618959201 0.0
7.44822965116 0.0
7.4502697103 0.0
7.45230976945 0.0
7.4543498286 0.0
7.45638988775 0.0
7.45842994689 0.0
7.46047000604 0.0
7.46251006519 0.0
7.46455012434 0.0
7.46659018348 0.0
7.46863024263 0.0
7.47067030178 0.0
7.47271036092 0.0
7.47475042007 0.0
7.47679047922 0.0
7.47883053837 0.0
7.48087059751 0.0
7.48291065666 0.0
7.48495071581 0.0
7.48699077496 0.0
7.4890308341 0.0
7.49107089325 0.0
7.4931109524 0.0
7.49515101155 0.0
7.49719107069 0.0
7.49923112984 0.0
7.50127118899 0.0
7.50331124814 0.0
7.50535130728 0.0
7.50739136643 0.0
7.50943142558 0.0
7.51147148473 0.0
7.51351154387 0.0
7.51555160302 0.0
7.51759166217 0.0
7.51963172131 0.0
7.52167178046 0.0
7.52371183961 0.0
7.52575189876 0.0
7.5277919579 0.0
7.52983201705 0.0
7.5318720762 0.0
7.53391213535 0.0
7.53595219449 0.0
7.53799225364 0.0
7.54003231279 0.0
7.54207237194 0.0
7.54411243108 0.0
7.54615249023 0.0
7.54819254938 0.0
7.55023260853 0.0
7.55227266767 0.0
7.55431272682 0.0
7.55635278597 0.0
7.55839284512 0.0
7.56043290426 0.0
7.56247296341 0.0
7.56451302256 0.0
7.5665530817 0.0
7.56859314085 0.0
7.5706332 0.0
7.57267325915 0.0
7.57471331829 0.0
7.57675337744 0.0
7.57879343659 0.0
7.58083349574 0.0
7.58287355488 0.0
7.58491361403 0.0
7.58695367318 0.0
7.58899373233 0.0
7.59103379147 0.0
7.59307385062 0.0
7.59511390977 0.0
7.59715396892 0.0
7.59919402806 0.0
7.60123408721 0.0
7.60327414636 0.0
7.60531420551 0.0
7.60735426465 0.0
7.6093943238 0.0
7.61143438295 0.0
7.61347444209 0.0
7.61551450124 0.0
7.61755456039 0.0
7.61959461954 0.0
7.62163467868 0.0
7.62367473783 0.0
7.62571479698 0.0
7.62775485613 0.0
7.62979491527 0.0
7.63183497442 0.0
7.63387503357 0.0
7.63591509272 0.0
7.63795515186 0.0
7.63999521101 0.0
7.64203527016 0.0
7.64407532931 0.0
7.64611538845 0.0
7.6481554476 0.0
7.65019550675 0.0
7.6522355659 0.0
7.65427562504 0.0
7.65631568419 0.0
7.65835574334 0.0
7.66039580248 0.0
7.66243586163 0.0
7.66447592078 0.0
7.66651597993 0.0
7.66855603907 0.0
7.67059609822 0.0
7.67263615737 0.0
7.67467621652 0.0
7.67671627566 0.0
7.67875633481 0.0
7.68079639396 0.0
7.68283645311 0.0
7.68487651225 0.0
7.6869165714 0.0
7.68895663055 0.0
7.6909966897 0.0
7.69303674884 0.0
7.69507680799 0.0
7.69711686714 0.0
7.69915692629 0.0
7.70119698543 0.0
7.70323704458 0.0
7.70527710373 0.0
7.70731716288 0.0
7.70935722202 0.0
7.71139728117 0.0
7.71343734032 0.0
7.71547739946 0.0
7.71751745861 0.0
7.71955751776 0.0
7.72159757691 0.0
7.72363763605 0.0
7.7256776952 0.0
7.72771775435 0.0
7.7297578135 0.0
7.73179787264 0.0
7.73383793179 0.0
7.73587799094 0.0
7.73791805009 0.0
7.73995810923 0.0
7.74199816838 0.0
7.74403822753 0.0
7.74607828668 0.0
7.74811834582 0.0
7.75015840497 0.0
7.75219846412 0.0
7.75423852327 0.0
7.75627858241 0.0
7.75831864156 0.0
7.76035870071 0.0
7.76239875985 0.0
7.764438819 0.0
7.76647887815 0.0
7.7685189373 0.0
7.77055899644 0.0
7.77259905559 0.0
7.77463911474 0.0
7.77667917389 0.0
7.77871923303 0.0
7.78075929218 0.0
7.78279935133 0.0
7.78483941048 0.0
7.78687946962 0.0
7.78891952877 0.0
7.79095958792 0.0
7.79299964707 0.0
7.79503970621 0.0
7.79707976536 0.0
7.79911982451 0.0
7.80115988366 0.0
7.8031999428 0.0
7.80524000195 0.0
7.8072800611 0.0
7.80932012024 0.0
7.81136017939 0.0
7.81340023854 0.0
7.81544029769 0.0
7.81748035683 0.0
7.81952041598 0.0
7.82156047513 0.0
7.82360053428 0.0
7.82564059342 0.0
7.82768065257 0.0
7.82972071172 0.0
7.83176077087 0.0
7.83380083001 0.0
7.83584088916 0.0
7.83788094831 0.0
7.83992100746 0.0
7.8419610666 0.0
7.84400112575 0.0
7.8460411849 0.0
7.84808124405 0.0
7.85012130319 0.0
7.85216136234 0.0
7.85420142149 0.0
7.85624148063 0.0
7.85828153978 0.0
7.86032159893 0.0
7.86236165808 0.0
7.86440171722 0.0
7.86644177637 0.0
7.86848183552 0.0
7.87052189467 0.0
7.87256195381 0.0
7.87460201296 0.0
7.87664207211 0.0
7.87868213126 0.0
7.8807221904 0.0
7.88276224955 0.0
7.8848023087 0.0
7.88684236785 0.0
7.88888242699 0.0
7.89092248614 0.0
7.89296254529 0.0
7.89500260444 0.0
7.89704266358 0.0
7.89908272273 0.0
7.90112278188 0.0
7.90316284102 0.0
7.90520290017 0.0
7.90724295932 0.0
7.90928301847 0.0
7.91132307761 0.0
7.91336313676 0.0
7.91540319591 0.0
7.91744325506 0.0
7.9194833142 0.0
7.92152337335 0.0
7.9235634325 0.0
7.92560349165 0.0
7.92764355079 0.0
7.92968360994 0.0
7.93172366909 0.0
7.93376372824 0.0
7.93580378738 0.0
7.93784384653 0.0
7.93988390568 0.0
7.94192396483 0.0
7.94396402397 0.0
7.94600408312 0.0
7.94804414227 0.0
7.95008420141 0.0
7.95212426056 0.0
7.95416431971 0.0
7.95620437886 0.0
7.958244438 0.0
7.96028449715 0.0
7.9623245563 0.0
7.96436461545 0.0
7.96640467459 0.0
7.96844473374 0.0
7.97048479289 0.0
7.97252485204 0.0
7.97456491118 0.0
7.97660497033 0.0
7.97864502948 0.0
7.98068508863 0.0
7.98272514777 0.0
7.98476520692 0.0
7.98680526607 0.0
7.98884532522 0.0
7.99088538436 0.0
7.99292544351 0.0
7.99496550266 0.0
7.99700556181 0.0
7.99904562095 0.0
8.0010856801 0.0
8.00312573925 0.0
8.00516579839 0.0
8.00720585754 0.0
8.00924591669 0.0
8.01128597584 0.0
8.01332603498 0.0
8.01536609413 0.0
8.01740615328 0.0
8.01944621243 0.0
8.02148627157 0.0
8.02352633072 0.0
8.02556638987 0.0
8.02760644902 0.0
8.02964650816 0.0
8.03168656731 0.0
8.03372662646 0.0
8.03576668561 0.0
8.03780674475 0.0
8.0398468039 0.0
8.04188686305 0.0
8.0439269222 0.0
8.04596698134 0.0
8.04800704049 0.0
8.05004709964 0.0
8.05208715878 0.0
8.05412721793 0.0
8.05616727708 0.0
8.05820733623 0.0
8.06024739537 0.0
8.06228745452 0.0
8.06432751367 0.0
8.06636757282 0.0
8.06840763196 0.0
8.07044769111 0.0
8.07248775026 0.0
8.07452780941 0.0
8.07656786855 0.0
8.0786079277 0.0
8.08064798685 0.0
8.082688046 0.0
8.08472810514 0.0
8.08676816429 0.0
8.08880822344 0.0
8.09084828259 0.0
8.09288834173 0.0
8.09492840088 0.0
8.09696846003 0.0
8.09900851917 0.0
8.10104857832 0.0
8.10308863747 0.0
8.10512869662 0.0
8.10716875576 0.0
8.10920881491 0.0
8.11124887406 0.0
8.11328893321 0.0
8.11532899235 0.0
8.1173690515 0.0
8.11940911065 0.0
8.1214491698 0.0
8.12348922894 0.0
8.12552928809 0.0
8.12756934724 0.0
8.12960940639 0.0
8.13164946553 0.0
8.13368952468 0.0
8.13572958383 0.0
8.13776964298 0.0
8.13980970212 0.0
8.14184976127 0.0
8.14388982042 0.0
8.14592987956 0.0
8.14796993871 0.0
8.15000999786 0.0
8.15205005701 0.0
8.15409011615 0.0
8.1561301753 0.0
8.15817023445 0.0
8.1602102936 0.0
8.16225035274 0.0
8.16429041189 0.0
8.16633047104 0.0
8.16837053019 0.0
8.17041058933 0.0
8.17245064848 0.0
8.17449070763 0.0
8.17653076678 0.0
8.17857082592 0.0
8.18061088507 0.0
8.18265094422 0.0
8.18469100337 0.0
8.18673106251 0.0
8.18877112166 0.0
8.19081118081 0.0
8.19285123995 0.0
8.1948912991 0.0
8.19693135825 0.0
8.1989714174 0.0
8.20101147654 0.0
8.20305153569 0.0
8.20509159484 0.0
8.20713165399 0.0
8.20917171313 0.0
8.21121177228 0.0
8.21325183143 0.0
8.21529189058 0.0
8.21733194972 0.0
8.21937200887 0.0
8.22141206802 0.0
8.22345212717 0.0
8.22549218631 0.0
8.22753224546 0.0
8.22957230461 0.0
8.23161236376 0.0
8.2336524229 0.0
8.23569248205 0.0
8.2377325412 0.0
8.23977260034 0.0
8.24181265949 0.0
8.24385271864 0.0
8.24589277779 0.0
8.24793283693 0.0
8.24997289608 0.0
8.25201295523 0.0
8.25405301438 0.0
8.25609307352 0.0
8.25813313267 0.0
8.26017319182 0.0
8.26221325097 0.0
8.26425331011 0.0
8.26629336926 0.0
8.26833342841 0.0
8.27037348756 0.0
8.2724135467 0.0
8.27445360585 0.0
8.276493665 0.0
8.27853372415 0.0
8.28057378329 0.0
8.28261384244 0.0
8.28465390159 0.0
8.28669396074 0.0
8.28873401988 0.0
8.29077407903 0.0
8.29281413818 0.0
8.29485419732 0.0
8.29689425647 0.0
8.29893431562 0.0
8.30097437477 0.0
8.30301443391 0.0
8.30505449306 0.0
8.30709455221 0.0
8.30913461136 0.0
8.3111746705 0.0
8.31321472965 0.0
8.3152547888 0.0
8.31729484795 0.0
8.31933490709 0.0
8.32137496624 0.0
8.32341502539 0.0
8.32545508454 0.0
8.32749514368 0.0
8.32953520283 0.0
8.33157526198 0.0
8.33361532113 0.0
8.33565538027 0.0
8.33769543942 0.0
8.33973549857 0.0
8.34177555771 0.0
8.34381561686 0.0
8.34585567601 0.0
8.34789573516 0.0
8.3499357943 0.0
8.35197585345 0.0
8.3540159126 0.0
8.35605597175 0.0
8.35809603089 0.0
8.36013609004 0.0
8.36217614919 0.0
8.36421620834 0.0
8.36625626748 0.0
8.36829632663 0.0
8.37033638578 0.0
8.37237644493 0.0
8.37441650407 0.0
8.37645656322 0.0
8.37849662237 0.0
8.38053668152 0.0
8.38257674066 0.0
8.38461679981 0.0
8.38665685896 0.0
8.3886969181 0.0
8.39073697725 0.0
8.3927770364 0.0
8.39481709555 0.0
8.39685715469 0.0
8.39889721384 0.0
8.40093727299 0.0
8.40297733214 0.0
8.40501739128 0.0
8.40705745043 0.0
8.40909750958 0.0
8.41113756873 0.0
8.41317762787 0.0
8.41521768702 0.0
8.41725774617 0.0
8.41929780532 0.0
8.42133786446 0.0
8.42337792361 0.0
8.42541798276 0.0
8.42745804191 0.0
8.42949810105 0.0
8.4315381602 0.0
8.43357821935 0.0
8.43561827849 0.0
8.43765833764 0.0
8.43969839679 0.0
8.44173845594 0.0
8.44377851508 0.0
8.44581857423 0.0
8.44785863338 0.0
8.44989869253 0.0
8.45193875167 0.0
8.45397881082 0.0
8.45601886997 0.0
8.45805892912 0.0
8.46009898826 0.0
8.46213904741 0.0
8.46417910656 0.0
8.46621916571 0.0
8.46825922485 0.0
8.470299284 0.0
8.47233934315 0.0
8.4743794023 0.0
8.47641946144 0.0
8.47845952059 0.0
8.48049957974 0.0
8.48253963888 0.0
8.48457969803 0.0
8.48661975718 0.0
8.48865981633 0.0
8.49069987547 0.0
8.49273993462 0.0
8.49477999377 0.0
8.49682005292 0.0
8.49886011206 0.0
8.50090017121 0.0
8.50294023036 0.0
8.50498028951 0.0
8.50702034865 0.0
8.5090604078 0.0
8.51110046695 0.0
8.5131405261 0.0
8.51518058524 0.0
8.51722064439 0.0
8.51926070354 0.0
8.52130076269 0.0
8.52334082183 0.0
8.52538088098 0.0
8.52742094013 0.0
8.52946099927 0.0
8.53150105842 0.0
8.53354111757 0.0
8.53558117672 0.0
8.53762123586 0.0
8.53966129501 0.0
8.54170135416 0.0
8.54374141331 0.0
8.54578147245 0.0
8.5478215316 0.0
8.54986159075 0.0
8.5519016499 0.0
8.55394170904 0.0
8.55598176819 0.0
8.55802182734 0.0
8.56006188649 0.0
8.56210194563 0.0
8.56414200478 0.0
8.56618206393 0.0
8.56822212308 0.0
8.57026218222 0.0
8.57230224137 0.0
8.57434230052 0.0
8.57638235966 0.0
8.57842241881 0.0
8.58046247796 0.0
8.58250253711 0.0
8.58454259625 0.0
8.5865826554 0.0
8.58862271455 0.0
8.5906627737 0.0
8.59270283284 0.0
8.59474289199 0.0
8.59678295114 0.0
8.59882301029 0.0
8.60086306943 0.0
8.60290312858 0.0
8.60494318773 0.0
8.60698324688 0.0
8.60902330602 0.0
8.61106336517 0.0
8.61310342432 0.0
8.61514348347 0.0
8.61718354261 0.0
8.61922360176 0.0
8.62126366091 0.0
8.62330372006 0.0
8.6253437792 0.0
8.62738383835 0.0
8.6294238975 0.0
8.63146395664 0.0
8.63350401579 0.0
8.63554407494 0.0
8.63758413409 0.0
8.63962419323 0.0
8.64166425238 0.0
8.64370431153 0.0
8.64574437068 0.0
8.64778442982 0.0
8.64982448897 0.0
8.65186454812 0.0
8.65390460727 0.0
8.65594466641 0.0
8.65798472556 0.0
8.66002478471 0.0
8.66206484386 0.0
8.664104903 0.0
8.66614496215 0.0
8.6681850213 0.0
8.67022508045 0.0
8.67226513959 0.0
8.67430519874 0.0
8.67634525789 0.0
8.67838531703 0.0
8.68042537618 0.0
8.68246543533 0.0
8.68450549448 0.0
8.68654555362 0.0
8.68858561277 0.0
8.69062567192 0.0
8.69266573107 0.0
8.69470579021 0.0
8.69674584936 0.0
8.69878590851 0.0
8.70082596766 0.0
8.7028660268 0.0
8.70490608595 0.0
8.7069461451 0.0
8.70898620425 0.0
8.71102626339 0.0
8.71306632254 0.0
8.71510638169 0.0
8.71714644084 0.0
8.71918649998 0.0
8.72122655913 0.0
8.72326661828 0.0
8.72530667742 0.0
8.72734673657 0.0
8.72938679572 0.0
8.73142685487 0.0
8.73346691401 0.0
8.73550697316 0.0
8.73754703231 0.0
8.73958709146 0.0
8.7416271506 0.0
8.74366720975 0.0
8.7457072689 0.0
8.74774732805 0.0
8.74978738719 0.0
8.75182744634 0.0
8.75386750549 0.0
8.75590756464 0.0
8.75794762378 0.0
8.75998768293 0.0
8.76202774208 0.0
8.76406780123 0.0
8.76610786037 0.0
8.76814791952 0.0
8.77018797867 0.0
8.77222803781 0.0
8.77426809696 0.0
8.77630815611 0.0
8.77834821526 0.0
8.7803882744 0.0
8.78242833355 0.0
8.7844683927 0.0
8.78650845185 0.0
8.78854851099 0.0
8.79058857014 0.0
8.79262862929 0.0
8.79466868844 0.0
8.79670874758 0.0
8.79874880673 0.0
8.80078886588 0.0
8.80282892503 0.0
8.80486898417 0.0
8.80690904332 0.0
8.80894910247 0.0
8.81098916162 0.0
8.81302922076 0.0
8.81506927991 0.0
8.81710933906 0.0
8.8191493982 0.0
8.82118945735 0.0
8.8232295165 0.0
8.82526957565 0.0
8.82730963479 0.0
8.82934969394 0.0
8.83138975309 0.0
8.83342981224 0.0
8.83546987138 0.0
8.83750993053 0.0
8.83954998968 0.0
8.84159004883 0.0
8.84363010797 0.0
8.84567016712 0.0
8.84771022627 0.0
8.84975028542 0.0
8.85179034456 0.0
8.85383040371 0.0
8.85587046286 0.0
8.85791052201 0.0
8.85995058115 0.0
8.8619906403 0.0
8.86403069945 0.0
8.86607075859 0.0
8.86811081774 0.0
8.87015087689 0.0
8.87219093604 0.0
8.87423099518 0.0
8.87627105433 0.0
8.87831111348 0.0
8.88035117263 0.0
8.88239123177 0.0
8.88443129092 0.0
8.88647135007 0.0
8.88851140922 0.0
8.89055146836 0.0
8.89259152751 0.0
8.89463158666 0.0
8.89667164581 0.0
8.89871170495 0.0
8.9007517641 0.0
8.90279182325 0.0
8.9048318824 0.0
8.90687194154 0.0
8.90891200069 0.0
8.91095205984 0.0
8.91299211899 0.0
8.91503217813 0.0
8.91707223728 0.0
8.91911229643 0.0
8.92115235557 0.0
8.92319241472 0.0
8.92523247387 0.0
8.92727253302 0.0
8.92931259216 0.0
8.93135265131 0.0
8.93339271046 0.0
8.93543276961 0.0
8.93747282875 0.0
8.9395128879 0.0
8.94155294705 0.0
8.9435930062 0.0
8.94563306534 0.0
8.94767312449 0.0
8.94971318364 0.0
8.95175324279 0.0
8.95379330193 0.0
8.95583336108 0.0
8.95787342023 0.0
8.95991347938 0.0
8.96195353852 0.0
8.96399359767 0.0
8.96603365682 0.0
8.96807371596 0.0
8.97011377511 0.0
8.97215383426 0.0
8.97419389341 0.0
8.97623395255 0.0
8.9782740117 0.0
8.98031407085 0.0
8.98235413 0.0
8.98439418914 0.0
8.98643424829 0.0
8.98847430744 0.0
8.99051436659 0.0
8.99255442573 0.0
8.99459448488 0.0
8.99663454403 0.0
8.99867460318 0.0
9.00071466232 0.0
9.00275472147 0.0
9.00479478062 0.0
9.00683483977 0.0
9.00887489891 0.0
9.01091495806 0.0
9.01295501721 0.0
9.01499507635 0.0
9.0170351355 0.0
9.01907519465 0.0
9.0211152538 0.0
9.02315531294 0.0
9.02519537209 0.0
9.02723543124 0.0
9.02927549039 0.0
9.03131554953 0.0
9.03335560868 0.0
9.03539566783 0.0
9.03743572698 0.0
9.03947578612 0.0
9.04151584527 0.0
9.04355590442 0.0
9.04559596357 0.0
9.04763602271 0.0
9.04967608186 0.0
9.05171614101 0.0
9.05375620016 0.0
9.0557962593 0.0
9.05783631845 0.0
9.0598763776 0.0
9.06191643674 0.0
9.06395649589 0.0
9.06599655504 0.0
9.06803661419 0.0
9.07007667333 0.0
9.07211673248 0.0
9.07415679163 0.0
9.07619685078 0.0
9.07823690992 0.0
9.08027696907 0.0
9.08231702822 0.0
9.08435708737 0.0
9.08639714651 0.0
9.08843720566 0.0
9.09047726481 0.0
9.09251732396 0.0
9.0945573831 0.0
9.09659744225 0.0
9.0986375014 0.0
9.10067756055 0.0
9.10271761969 0.0
9.10475767884 0.0
9.10679773799 0.0
9.10883779713 0.0
9.11087785628 0.0
9.11291791543 0.0
9.11495797458 0.0
9.11699803372 0.0
9.11903809287 0.0
9.12107815202 0.0
9.12311821117 0.0
9.12515827031 0.0
9.12719832946 0.0
9.12923838861 0.0
9.13127844776 0.0
9.1333185069 0.0
9.13535856605 0.0
9.1373986252 0.0
9.13943868435 0.0
9.14147874349 0.0
9.14351880264 0.0
9.14555886179 0.0
9.14759892094 0.0
9.14963898008 0.0
9.15167903923 0.0
9.15371909838 0.0
9.15575915752 0.0
9.15779921667 0.0
9.15983927582 0.0
9.16187933497 0.0
9.16391939411 0.0
9.16595945326 0.0
9.16799951241 0.0
9.17003957156 0.0
9.1720796307 0.0
9.17411968985 0.0
9.176159749 0.0
9.17819980815 0.0
9.18023986729 0.0
9.18227992644 0.0
9.18431998559 0.0
9.18636004474 0.0
9.18840010388 0.0
9.19044016303 0.0
9.19248022218 0.0
9.19452028133 0.0
9.19656034047 0.0
9.19860039962 0.0
9.20064045877 0.0
9.20268051792 0.0
9.20472057706 0.0
9.20676063621 0.0
9.20880069536 0.0
9.2108407545 0.0
9.21288081365 0.0
9.2149208728 0.0
9.21696093195 0.0
9.21900099109 0.0
9.22104105024 0.0
9.22308110939 0.0
9.22512116854 0.0
9.22716122768 0.0
9.22920128683 0.0
9.23124134598 0.0
9.23328140513 0.0
9.23532146427 0.0
9.23736152342 0.0
9.23940158257 0.0
9.24144164172 0.0
9.24348170086 0.0
9.24552176001 0.0
9.24756181916 0.0
9.24960187831 0.0
9.25164193745 0.0
9.2536819966 0.0
9.25572205575 0.0
9.25776211489 0.0
9.25980217404 0.0
9.26184223319 0.0
9.26388229234 0.0
9.26592235148 0.0
9.26796241063 0.0
9.27000246978 0.0
9.27204252893 0.0
9.27408258807 0.0
9.27612264722 0.0
9.27816270637 0.0
9.28020276552 0.0
9.28224282466 0.0
9.28428288381 0.0
9.28632294296 0.0
9.28836300211 0.0
9.29040306125 0.0
9.2924431204 0.0
9.29448317955 0.0
9.2965232387 0.0
9.29856329784 0.0
9.30060335699 0.0
9.30264341614 0.0
9.30468347528 0.0
9.30672353443 0.0
9.30876359358 0.0
9.31080365273 0.0
9.31284371187 0.0
9.31488377102 0.0
9.31692383017 0.0
9.31896388932 0.0
9.32100394846 0.0
9.32304400761 0.0
9.32508406676 0.0
9.32712412591 0.0
9.32916418505 0.0
9.3312042442 0.0
9.33324430335 0.0
9.3352843625 0.0
9.33732442164 0.0
9.33936448079 0.0
9.34140453994 0.0
9.34344459909 0.0
9.34548465823 0.0
9.34752471738 0.0
9.34956477653 0.0
9.35160483567 0.0
9.35364489482 0.0
9.35568495397 0.0
9.35772501312 0.0
9.35976507226 0.0
9.36180513141 0.0
9.36384519056 0.0
9.36588524971 0.0
9.36792530885 0.0
9.369965368 0.0
9.37200542715 0.0
9.3740454863 0.0
9.37608554544 0.0
9.37812560459 0.0
9.38016566374 0.0
9.38220572289 0.0
9.38424578203 0.0
9.38628584118 0.0
9.38832590033 0.0
9.39036595948 0.0
9.39240601862 0.0
9.39444607777 0.0
9.39648613692 0.0
9.39852619606 0.0
9.40056625521 0.0
9.40260631436 0.0
9.40464637351 0.0
9.40668643265 0.0
9.4087264918 0.0
9.41076655095 0.0
9.4128066101 0.0
9.41484666924 0.0
9.41688672839 0.0
9.41892678754 0.0
9.42096684669 0.0
9.42300690583 0.0
9.42504696498 0.0
9.42708702413 0.0
9.42912708328 0.0
9.43116714242 0.0
9.43320720157 0.0
9.43524726072 0.0
9.43728731987 0.0
9.43932737901 0.0
9.44136743816 0.0
9.44340749731 0.0
9.44544755645 0.0
9.4474876156 0.0
9.44952767475 0.0
9.4515677339 0.0
9.45360779304 0.0
9.45564785219 0.0
9.45768791134 0.0
9.45972797049 0.0
9.46176802963 0.0
9.46380808878 0.0
9.46584814793 0.0
9.46788820708 0.0
9.46992826622 0.0
9.47196832537 0.0
9.47400838452 0.0
9.47604844367 0.0
9.47808850281 0.0
9.48012856196 0.0
9.48216862111 0.0
9.48420868026 0.0
9.4862487394 0.0
9.48828879855 0.0
9.4903288577 0.0
9.49236891685 0.0
9.49440897599 0.0
9.49644903514 0.0
9.49848909429 0.0
9.50052915343 0.0
9.50256921258 0.0
9.50460927173 0.0
9.50664933088 0.0
9.50868939002 0.0
9.51072944917 0.0
9.51276950832 0.0
9.51480956747 0.0
9.51684962661 0.0
9.51888968576 0.0
9.52092974491 0.0
9.52296980406 0.0
9.5250098632 0.0
9.52704992235 0.0
9.5290899815 0.0
9.53113004065 0.0
9.53317009979 0.0
9.53521015894 0.0
9.53725021809 0.0
9.53929027724 0.0
9.54133033638 0.0
9.54337039553 0.0
9.54541045468 0.0
9.54745051382 0.0
9.54949057297 0.0
9.55153063212 0.0
9.55357069127 0.0
9.55561075041 0.0
9.55765080956 0.0
9.55969086871 0.0
9.56173092786 0.0
9.563770987 0.0
9.56581104615 0.0
9.5678511053 0.0
9.56989116445 0.0
9.57193122359 0.0
9.57397128274 0.0
9.57601134189 0.0
9.57805140104 0.0
9.58009146018 0.0
9.58213151933 0.0
9.58417157848 0.0
9.58621163763 0.0
9.58825169677 0.0
9.59029175592 0.0
9.59233181507 0.0
9.59437187421 0.0
9.59641193336 0.0
9.59845199251 0.0
9.60049205166 0.0
9.6025321108 0.0
9.60457216995 0.0
9.6066122291 0.0
9.60865228825 0.0
9.61069234739 0.0
9.61273240654 0.0
9.61477246569 0.0
9.61681252484 0.0
9.61885258398 0.0
9.62089264313 0.0
9.62293270228 0.0
9.62497276143 0.0
9.62701282057 0.0
9.62905287972 0.0
9.63109293887 0.0
9.63313299802 0.0
9.63517305716 0.0
9.63721311631 0.0
9.63925317546 0.0
9.6412932346 0.0
9.64333329375 0.0
9.6453733529 0.0
9.64741341205 0.0
9.64945347119 0.0
9.65149353034 0.0
9.65353358949 0.0
9.65557364864 0.0
9.65761370778 0.0
9.65965376693 0.0
9.66169382608 0.0
9.66373388523 0.0
9.66577394437 0.0
9.66781400352 0.0
9.66985406267 0.0
9.67189412182 0.0
9.67393418096 0.0
9.67597424011 0.0
9.67801429926 0.0
9.68005435841 0.0
9.68209441755 0.0
9.6841344767 0.0
9.68617453585 0.0
9.68821459499 0.0
9.69025465414 0.0
9.69229471329 0.0
9.69433477244 0.0
9.69637483158 0.0
9.69841489073 0.0
9.70045494988 0.0
9.70249500903 0.0
9.70453506817 0.0
9.70657512732 0.0
9.70861518647 0.0
9.71065524562 0.0
9.71269530476 0.0
9.71473536391 0.0
9.71677542306 0.0
9.71881548221 0.0
9.72085554135 0.0
9.7228956005 0.0
9.72493565965 0.0
9.7269757188 0.0
9.72901577794 0.0
9.73105583709 0.0
9.73309589624 0.0
9.73513595538 0.0
9.73717601453 0.0
9.73921607368 0.0
9.74125613283 0.0
9.74329619197 0.0
9.74533625112 0.0
9.74737631027 0.0
9.74941636942 0.0
9.75145642856 0.0
9.75349648771 0.0
9.75553654686 0.0
9.75757660601 0.0
9.75961666515 0.0
9.7616567243 0.0
9.76369678345 0.0
9.7657368426 0.0
9.76777690174 0.0
9.76981696089 0.0
9.77185702004 0.0
9.77389707919 0.0
9.77593713833 0.0
9.77797719748 0.0
9.78001725663 0.0
9.78205731578 0.0
9.78409737492 0.0
9.78613743407 0.0
9.78817749322 0.0
9.79021755236 0.0
9.79225761151 0.0
9.79429767066 0.0
9.79633772981 0.0
9.79837778895 0.0
9.8004178481 0.0
9.80245790725 0.0
9.8044979664 0.0
9.80653802554 0.0
9.80857808469 0.0
9.81061814384 0.0
9.81265820299 0.0
9.81469826213 0.0
9.81673832128 0.0
9.81877838043 0.0
9.82081843958 0.0
9.82285849872 0.0
9.82489855787 0.0
9.82693861702 0.0
9.82897867617 0.0
9.83101873531 0.0
9.83305879446 0.0
9.83509885361 0.0
9.83713891275 0.0
9.8391789719 0.0
9.84121903105 0.0
9.8432590902 0.0
9.84529914934 0.0
9.84733920849 0.0
9.84937926764 0.0
9.85141932679 0.0
9.85345938593 0.0
9.85549944508 0.0
9.85753950423 0.0
9.85957956338 0.0
9.86161962252 0.0
9.86365968167 0.0
9.86569974082 0.0
9.86773979997 0.0
9.86977985911 0.0
9.87181991826 0.0
9.87385997741 0.0
9.87590003656 0.0
9.8779400957 0.0
9.87998015485 0.0
9.882020214 0.0
9.88406027314 0.0
9.88610033229 0.0
9.88814039144 0.0
9.89018045059 0.0
9.89222050973 0.0
9.89426056888 0.0
9.89630062803 0.0
9.89834068718 0.0
9.90038074632 0.0
9.90242080547 0.0
9.90446086462 0.0
9.90650092377 0.0
9.90854098291 0.0
9.91058104206 0.0
9.91262110121 0.0
9.91466116036 0.0
9.9167012195 0.0
9.91874127865 0.0
9.9207813378 0.0
9.92282139695 0.0
9.92486145609 0.0
9.92690151524 0.0
9.92894157439 0.0
9.93098163353 0.0
9.93302169268 0.0
9.93506175183 0.0
9.93710181098 0.0
9.93914187012 0.0
9.94118192927 0.0
9.94322198842 0.0
9.94526204757 0.0
9.94730210671 0.0
9.94934216586 0.0
9.95138222501 0.0
9.95342228416 0.0
9.9554623433 0.0
9.95750240245 0.0
9.9595424616 0.0
9.96158252075 0.0
9.96362257989 0.0
9.96566263904 0.0
9.96770269819 0.0
9.96974275734 0.0
9.97178281648 0.0
9.97382287563 0.0
9.97586293478 0.0
9.97790299392 0.0
9.97994305307 0.0
9.98198311222 0.0
9.98402317137 0.0
9.98606323051 0.0
9.98810328966 0.0
9.99014334881 0.0
9.99218340796 0.0
9.9942234671 0.0
9.99626352625 0.0
9.9983035854 0.0
10.0003436445 0.0
10.0023837037 0.0
10.0044237628 0.0
10.006463822 0.0
10.0085038811 0.0
10.0105439403 0.0
10.0125839994 0.0
10.0146240586 0.0
10.0166641177 0.0
10.0187041769 0.0
10.020744236 0.0
10.0227842952 0.0
10.0248243543 0.0
10.0268644135 0.0
10.0289044726 0.0
10.0309445318 0.0
10.0329845909 0.0
10.0350246501 0.0
10.0370647092 0.0
10.0391047683 0.0
10.0411448275 0.0
10.0431848866 0.0
10.0452249458 0.0
10.0472650049 0.0
10.0493050641 0.0
10.0513451232 0.0
10.0533851824 0.0
10.0554252415 0.0
10.0574653007 0.0
10.0595053598 0.0
10.061545419 0.0
10.0635854781 0.0
10.0656255373 0.0
10.0676655964 0.0
10.0697056556 0.0
10.0717457147 0.0
10.0737857739 0.0
10.075825833 0.0
10.0778658921 0.0
10.0799059513 0.0
10.0819460104 0.0
10.0839860696 0.0
10.0860261287 0.0
10.0880661879 0.0
10.090106247 0.0
10.0921463062 0.0
10.0941863653 0.0
10.0962264245 0.0
10.0982664836 0.0
10.1003065428 0.0
10.1023466019 0.0
10.1043866611 0.0
10.1064267202 0.0
10.1084667794 0.0
10.1105068385 0.0
10.1125468977 0.0
10.1145869568 0.0
10.1166270159 0.0
10.1186670751 0.0
10.1207071342 0.0
10.1227471934 0.0
10.1247872525 0.0
10.1268273117 0.0
10.1288673708 0.0
10.13090743 0.0
10.1329474891 0.0
10.1349875483 0.0
10.1370276074 0.0
10.1390676666 0.0
10.1411077257 0.0
10.1431477849 0.0
10.145187844 0.0
10.1472279032 0.0
10.1492679623 0.0
10.1513080215 0.0
10.1533480806 0.0
10.1553881397 0.0
10.1574281989 0.0
10.159468258 0.0
10.1615083172 0.0
10.1635483763 0.0
10.1655884355 0.0
10.1676284946 0.0
10.1696685538 0.0
10.1717086129 0.0
10.1737486721 0.0
10.1757887312 0.0
10.1778287904 0.0
10.1798688495 0.0
10.1819089087 0.0
10.1839489678 0.0
10.185989027 0.0
10.1880290861 0.0
10.1900691453 0.0
10.1921092044 0.0
10.1941492635 0.0
10.1961893227 0.0
10.1982293818 0.0
10.200269441 0.0
10.2023095001 0.0
10.2043495593 0.0
10.2063896184 0.0
10.2084296776 0.0
10.2104697367 0.0
10.2125097959 0.0
10.214549855 0.0
10.2165899142 0.0
10.2186299733 0.0
10.2206700325 0.0
10.2227100916 0.0
10.2247501508 0.0
10.2267902099 0.0
10.2288302691 0.0
10.2308703282 0.0
10.2329103873 0.0
10.2349504465 0.0
10.2369905056 0.0
10.2390305648 0.0
10.2410706239 0.0
10.2431106831 0.0
10.2451507422 0.0
10.2471908014 0.0
10.2492308605 0.0
10.2512709197 0.0
10.2533109788 0.0
10.255351038 0.0
10.2573910971 0.0
10.2594311563 0.0
10.2614712154 0.0
10.2635112746 0.0
10.2655513337 0.0
10.2675913929 0.0
10.269631452 0.0
10.2716715111 0.0
10.2737115703 0.0
10.2757516294 0.0
10.2777916886 0.0
10.2798317477 0.0
10.2818718069 0.0
10.283911866 0.0
10.2859519252 0.0
10.2879919843 0.0
10.2900320435 0.0
10.2920721026 0.0
10.2941121618 0.0
10.2961522209 0.0
10.2981922801 0.0
10.3002323392 0.0
10.3022723984 0.0
10.3043124575 0.0
10.3063525167 0.0
10.3083925758 0.0
10.310432635 0.0
10.3124726941 0.0
10.3145127532 0.0
10.3165528124 0.0
10.3185928715 0.0
10.3206329307 0.0
10.3226729898 0.0
10.324713049 0.0
10.3267531081 0.0
10.3287931673 0.0
10.3308332264 0.0
10.3328732856 0.0
10.3349133447 0.0
10.3369534039 0.0
10.338993463 0.0
10.3410335222 0.0
10.3430735813 0.0
10.3451136405 0.0
10.3471536996 0.0
10.3491937588 0.0
10.3512338179 0.0
10.353273877 0.0
10.3553139362 0.0
10.3573539953 0.0
10.3593940545 0.0
10.3614341136 0.0
10.3634741728 0.0
10.3655142319 0.0
10.3675542911 0.0
10.3695943502 0.0
10.3716344094 0.0
10.3736744685 0.0
10.3757145277 0.0
10.3777545868 0.0
10.379794646 0.0
10.3818347051 0.0
10.3838747643 0.0
10.3859148234 0.0
10.3879548826 0.0
10.3899949417 0.0
10.3920350008 0.0
10.39407506 0.0
10.3961151191 0.0
10.3981551783 0.0
10.4001952374 0.0
10.4022352966 0.0
10.4042753557 0.0
10.4063154149 0.0
10.408355474 0.0
10.4103955332 0.0
10.4124355923 0.0
10.4144756515 0.0
10.4165157106 0.0
10.4185557698 0.0
10.4205958289 0.0
10.4226358881 0.0
10.4246759472 0.0
10.4267160064 0.0
10.4287560655 0.0
10.4307961246 0.0
10.4328361838 0.0
10.4348762429 0.0
10.4369163021 0.0
10.4389563612 0.0
10.4409964204 0.0
10.4430364795 0.0
10.4450765387 0.0
10.4471165978 0.0
10.449156657 0.0
10.4511967161 0.0
10.4532367753 0.0
10.4552768344 0.0
10.4573168936 0.0
10.4593569527 0.0
10.4613970119 0.0
10.463437071 0.0
10.4654771302 0.0
10.4675171893 0.0
10.4695572484 0.0
10.4715973076 0.0
10.4736373667 0.0
10.4756774259 0.0
10.477717485 0.0
10.4797575442 0.0
10.4817976033 0.0
10.4838376625 0.0
10.4858777216 0.0
10.4879177808 0.0
10.4899578399 0.0
10.4919978991 0.0
10.4940379582 0.0
10.4960780174 0.0
10.4981180765 0.0
10.5001581357 0.0
10.5021981948 0.0
10.504238254 0.0
10.5062783131 0.0
10.5083183722 0.0
10.5103584314 0.0
10.5123984905 0.0
10.5144385497 0.0
10.5164786088 0.0
10.518518668 0.0
10.5205587271 0.0
10.5225987863 0.0
10.5246388454 0.0
10.5266789046 0.0
10.5287189637 0.0
10.5307590229 0.0
10.532799082 0.0
10.5348391412 0.0
10.5368792003 0.0
10.5389192595 0.0
10.5409593186 0.0
10.5429993778 0.0
10.5450394369 0.0
10.547079496 0.0
10.5491195552 0.0
10.5511596143 0.0
10.5531996735 0.0
10.5552397326 0.0
10.5572797918 0.0
10.5593198509 0.0
10.5613599101 0.0
10.5633999692 0.0
10.5654400284 0.0
10.5674800875 0.0
10.5695201467 0.0
10.5715602058 0.0
10.573600265 0.0
10.5756403241 0.0
10.5776803833 0.0
10.5797204424 0.0
10.5817605016 0.0
10.5838005607 0.0
10.5858406198 0.0
10.587880679 0.0
10.5899207381 0.0
10.5919607973 0.0
10.5940008564 0.0
10.5960409156 0.0
10.5980809747 0.0
10.6001210339 0.0
10.602161093 0.0
10.6042011522 0.0
10.6062412113 0.0
10.6082812705 0.0
10.6103213296 0.0
10.6123613888 0.0
10.6144014479 0.0
10.6164415071 0.0
10.6184815662 0.0
10.6205216254 0.0
10.6225616845 0.0
10.6246017436 0.0
10.6266418028 0.0
10.6286818619 0.0
10.6307219211 0.0
10.6327619802 0.0
10.6348020394 0.0
10.6368420985 0.0
10.6388821577 0.0
10.6409222168 0.0
10.642962276 0.0
10.6450023351 0.0
10.6470423943 0.0
10.6490824534 0.0
10.6511225126 0.0
10.6531625717 0.0
10.6552026309 0.0
10.65724269 0.0
10.6592827492 0.0
10.6613228083 0.0
10.6633628674 0.0
10.6654029266 0.0
10.6674429857 0.0
10.6694830449 0.0
10.671523104 0.0
10.6735631632 0.0
10.6756032223 0.0
10.6776432815 0.0
10.6796833406 0.0
10.6817233998 0.0
10.6837634589 0.0
10.6858035181 0.0
10.6878435772 0.0
10.6898836364 0.0
10.6919236955 0.0
10.6939637547 0.0
10.6960038138 0.0
10.698043873 0.0
10.7000839321 0.0
10.7021239912 0.0
10.7041640504 0.0
10.7062041095 0.0
10.7082441687 0.0
10.7102842278 0.0
10.712324287 0.0
10.7143643461 0.0
10.7164044053 0.0
10.7184444644 0.0
10.7204845236 0.0
10.7225245827 0.0
10.7245646419 0.0
10.726604701 0.0
10.7286447602 0.0
10.7306848193 0.0
10.7327248785 0.0
10.7347649376 0.0
10.7368049968 0.0
10.7388450559 0.0
10.7408851151 0.0
10.7429251742 0.0
10.7449652333 0.0
10.7470052925 0.0
10.7490453516 0.0
10.7510854108 0.0
10.7531254699 0.0
10.7551655291 0.0
10.7572055882 0.0
10.7592456474 0.0
10.7612857065 0.0
10.7633257657 0.0
10.7653658248 0.0
10.767405884 0.0
10.7694459431 0.0
10.7714860023 0.0
10.7735260614 0.0
10.7755661206 0.0
10.7776061797 0.0
10.7796462389 0.0
10.781686298 0.0
10.7837263571 0.0
10.7857664163 0.0
10.7878064754 0.0
10.7898465346 0.0
10.7918865937 0.0
10.7939266529 0.0
10.795966712 0.0
10.7980067712 0.0
10.8000468303 0.0
10.8020868895 0.0
10.8041269486 0.0
10.8061670078 0.0
10.8082070669 0.0
10.8102471261 0.0
10.8122871852 0.0
10.8143272444 0.0
10.8163673035 0.0
10.8184073627 0.0
10.8204474218 0.0
10.8224874809 0.0
10.8245275401 0.0
10.8265675992 0.0
10.8286076584 0.0
10.8306477175 0.0
10.8326877767 0.0
10.8347278358 0.0
10.836767895 0.0
10.8388079541 0.0
10.8408480133 0.0
10.8428880724 0.0
10.8449281316 0.0
10.8469681907 0.0
10.8490082499 0.0
10.851048309 0.0
10.8530883682 0.0
10.8551284273 0.0
10.8571684865 0.0
10.8592085456 0.0
10.8612486047 0.0
10.8632886639 0.0
10.865328723 0.0
10.8673687822 0.0
10.8694088413 0.0
10.8714489005 0.0
10.8734889596 0.0
10.8755290188 0.0
10.8775690779 0.0
10.8796091371 0.0
10.8816491962 0.0
10.8836892554 0.0
10.8857293145 0.0
10.8877693737 0.0
10.8898094328 0.0
10.891849492 0.0
10.8938895511 0.0
10.8959296103 0.0
10.8979696694 0.0
10.9000097285 0.0
10.9020497877 0.0
10.9040898468 0.0
10.906129906 0.0
10.9081699651 0.0
10.9102100243 0.0
10.9122500834 0.0
10.9142901426 0.0
10.9163302017 0.0
10.9183702609 0.0
10.92041032 0.0
10.9224503792 0.0
10.9244904383 0.0
10.9265304975 0.0
10.9285705566 0.0
10.9306106158 0.0
10.9326506749 0.0
10.9346907341 0.0
10.9367307932 0.0
10.9387708523 0.0
10.9408109115 0.0
10.9428509706 0.0
10.9448910298 0.0
10.9469310889 0.0
10.9489711481 0.0
10.9510112072 0.0
10.9530512664 0.0
10.9550913255 0.0
10.9571313847 0.0
10.9591714438 0.0
10.961211503 0.0
10.9632515621 0.0
10.9652916213 0.0
10.9673316804 0.0
10.9693717396 0.0
10.9714117987 0.0
10.9734518579 0.0
10.975491917 0.0
10.9775319761 0.0
10.9795720353 0.0
10.9816120944 0.0
10.9836521536 0.0
10.9856922127 0.0
10.9877322719 0.0
10.989772331 0.0
10.9918123902 0.0
10.9938524493 0.0
10.9958925085 0.0
10.9979325676 0.0
10.9999726268 0.0
11.0020126859 0.0
11.0040527451 0.0
11.0060928042 0.0
11.0081328634 0.0
11.0101729225 0.0
11.0122129817 0.0
11.0142530408 0.0
11.0162930999 0.0
11.0183331591 0.0
11.0203732182 0.0
11.0224132774 0.0
11.0244533365 0.0
11.0264933957 0.0
11.0285334548 0.0
11.030573514 0.0
11.0326135731 0.0
11.0346536323 0.0
11.0366936914 0.0
11.0387337506 0.0
11.0407738097 0.0
11.0428138689 0.0
11.044853928 0.0
11.0468939872 0.0
11.0489340463 0.0
11.0509741055 0.0
11.0530141646 0.0
11.0550542237 0.0
11.0570942829 0.0
11.059134342 0.0
11.0611744012 0.0
11.0632144603 0.0
11.0652545195 0.0
11.0672945786 0.0
11.0693346378 0.0
11.0713746969 0.0
11.0734147561 0.0
11.0754548152 0.0
11.0774948744 0.0
11.0795349335 0.0
11.0815749927 0.0
11.0836150518 0.0
11.085655111 0.0
11.0876951701 0.0
11.0897352293 0.0
11.0917752884 0.0
11.0938153475 0.0
11.0958554067 0.0
11.0978954658 0.0
11.099935525 0.0
11.1019755841 0.0
11.1040156433 0.0
11.1060557024 0.0
11.1080957616 0.0
11.1101358207 0.0
11.1121758799 0.0
11.114215939 0.0
11.1162559982 0.0
11.1182960573 0.0
11.1203361165 0.0
11.1223761756 0.0
11.1244162348 0.0
11.1264562939 0.0
11.1284963531 0.0
11.1305364122 0.0
11.1325764714 0.0
11.1346165305 0.0
11.1366565896 0.0
11.1386966488 0.0
11.1407367079 0.0
11.1427767671 0.0
11.1448168262 0.0
11.1468568854 0.0
11.1488969445 0.0
11.1509370037 0.0
11.1529770628 0.0
11.155017122 0.0
11.1570571811 0.0
11.1590972403 0.0
11.1611372994 0.0
11.1631773586 0.0
11.1652174177 0.0
11.1672574769 0.0
11.169297536 0.0
11.1713375952 0.0
11.1733776543 0.0
11.1754177134 5.25e-26
11.1774577726 5.25e-26
11.1794978317 5.25e-26
11.1815378909 5.25e-26
11.18357795 5.25e-26
11.1856180092 5.25e-26
11.1876580683 5.25e-26
11.1896981275 5.25e-26
11.1917381866 5.25e-26
11.1937782458 5.25e-26
11.1958183049 0.0
11.1978583641 0.0
11.1998984232 0.0
11.2019384824 0.0
11.2039785415 0.0
11.2060186007 0.0
11.2080586598 0.0
11.210098719 0.0
11.2121387781 0.0
11.2141788372 0.0
11.2162188964 0.0
11.2182589555 0.0
11.2202990147 0.0
11.2223390738 0.0
11.224379133 0.0
11.2264191921 0.0
11.2284592513 0.0
11.2304993104 0.0
11.2325393696 0.0
11.2345794287 0.0
11.2366194879 0.0
11.238659547 0.0
11.2406996062 0.0
11.2427396653 0.0
11.2447797245 0.0
11.2468197836 0.0
11.2488598428 0.0
11.2508999019 0.0
11.252939961 0.0
11.2549800202 0.0
11.2570200793 0.0
11.2590601385 0.0
11.2611001976 0.0
11.2631402568 0.0
11.2651803159 0.0
11.2672203751 0.0
11.2692604342 0.0
11.2713004934 0.0
11.2733405525 0.0
11.2753806117 0.0
11.2774206708 0.0
11.27946073 0.0
11.2815007891 0.0
11.2835408483 0.0
11.2855809074 0.0
11.2876209666 0.0
11.2896610257 0.0
11.2917010848 0.0
11.293741144 0.0
11.2957812031 0.0
11.2978212623 0.0
11.2998613214 0.0
11.3019013806 0.0
11.3039414397 0.0
11.3059814989 0.0
11.308021558 0.0
11.3100616172 0.0
11.3121016763 0.0
11.3141417355 0.0
11.3161817946 0.0
11.3182218538 0.0
11.3202619129 0.0
11.3223019721 0.0
11.3243420312 0.0
11.3263820904 0.0
11.3284221495 0.0
11.3304622086 0.0
11.3325022678 0.0
11.3345423269 0.0
11.3365823861 0.0
11.3386224452 3.96e-24
11.3406625044 3.96e-24
11.3427025635 3.96e-24
11.3447426227 3.96e-24
11.3467826818 3.96e-24
11.348822741 3.96e-24
11.3508628001 3.96e-24
11.3529028593 3.96e-24
11.3549429184 3.96e-24
11.3569829776 3.96e-24
11.3590230367 0.0
11.3610630959 0.0
11.363103155 0.0
11.3651432142 0.0
11.3671832733 0.0
11.3692233324 0.0
11.3712633916 0.0
11.3733034507 0.0
11.3753435099 0.0
11.377383569 0.0
11.3794236282 0.0
11.3814636873 0.0
11.3835037465 0.0
11.3855438056 0.0
11.3875838648 0.0
11.3896239239 0.0
11.3916639831 0.0
11.3937040422 0.0
11.3957441014 0.0
11.3977841605 0.0
11.3998242197 0.0
11.4018642788 0.0
11.403904338 0.0
11.4059443971 0.0
11.4079844562 0.0
11.4100245154 0.0
11.4120645745 0.0
11.4141046337 0.0
11.4161446928 0.0
11.418184752 0.0
11.4202248111 0.0
11.4222648703 0.0
11.4243049294 0.0
11.4263449886 0.0
11.4283850477 0.0
11.4304251069 0.0
11.432465166 0.0
11.4345052252 0.0
11.4365452843 0.0
11.4385853435 0.0
11.4406254026 0.0
11.4426654618 0.0
11.4447055209 0.0
11.44674558 0.0
11.4487856392 0.0
11.4508256983 0.0
11.4528657575 0.0
11.4549058166 0.0
11.4569458758 0.0
11.4589859349 0.0
11.4610259941 0.0
11.4630660532 0.0
11.4651061124 0.0
11.4671461715 0.0
11.4691862307 0.0
11.4712262898 0.0
11.473266349 0.0
11.4753064081 0.0
11.4773464673 0.0
11.4793865264 0.0
11.4814265856 0.0
11.4834666447 0.0
11.4855067038 0.0
11.487546763 0.0
11.4895868221 0.0
11.4916268813 0.0
11.4936669404 0.0
11.4957069996 1.52e-21
11.4977470587 1.52e-21
11.4997871179 1.52e-21
11.501827177 1.52e-21
11.5038672362 1.52e-21
11.5059072953 1.52e-21
11.5079473545 1.52e-21
11.5099874136 1.52e-21
11.5120274728 1.52e-21
11.5140675319 1.52e-21
11.5161075911 1.52e-21
11.5181476502 0.0
11.5201877094 0.0
11.5222277685 0.0
11.5242678276 0.0
11.5263078868 0.0
11.5283479459 0.0
11.5303880051 0.0
11.5324280642 0.0
11.5344681234 0.0
11.5365081825 0.0
11.5385482417 0.0
11.5405883008 0.0
11.54262836 0.0
11.5446684191 0.0
11.5467084783 0.0
11.5487485374 0.0
11.5507885966 0.0
11.5528286557 0.0
11.5548687149 0.0
11.556908774 0.0
11.5589488332 0.0
11.5609888923 0.0
11.5630289515 0.0
11.5650690106 0.0
11.5671090697 0.0
11.5691491289 0.0
11.571189188 0.0
11.5732292472 0.0
11.5752693063 0.0
11.5773093655 0.0
11.5793494246 0.0
11.5813894838 0.0
11.5834295429 0.0
11.5854696021 0.0
11.5875096612 0.0
11.5895497204 0.0
11.5915897795 0.0
11.5936298387 0.0
11.5956698978 0.0
11.597709957 0.0
11.5997500161 0.0
11.6017900753 0.0
11.6038301344 0.0
11.6058701935 0.0
11.6079102527 0.0
11.6099503118 0.0
11.611990371 0.0
11.6140304301 0.0
11.6160704893 0.0
11.6181105484 0.0
11.6201506076 0.0
11.6221906667 0.0
11.6242307259 0.0
11.626270785 0.0
11.6283108442 0.0
11.6303509033 0.0
11.6323909625 0.0
11.6344310216 0.0
11.6364710808 0.0
11.6385111399 0.0
11.6405511991 0.0
11.6425912582 0.0
11.6446313173 0.0
11.6466713765 0.0
11.6487114356 0.0
11.6507514948 1.96e-20
11.6527915539 1.96e-20
11.6548316131 1.96e-20
11.6568716722 1.96e-20
11.6589117314 1.96e-20
11.6609517905 1.96e-20
11.6629918497 1.96e-20
11.6650319088 1.96e-20
11.667071968 1.96e-20
11.6691120271 1.96e-20
11.6711520863 1.96e-20
11.6731921454 0.0
11.6752322046 0.0
11.6772722637 0.0
11.6793123229 0.0
11.681352382 0.0
11.6833924411 0.0
11.6854325003 0.0
11.6874725594 0.0
11.6895126186 0.0
11.6915526777 0.0
11.6935927369 0.0
11.695632796 0.0
11.6976728552 0.0
11.6997129143 0.0
11.7017529735 0.0
11.7037930326 0.0
11.7058330918 0.0
11.7078731509 0.0
11.7099132101 0.0
11.7119532692 0.0
11.7139933284 0.0
11.7160333875 0.0
11.7180734467 0.0
11.7201135058 0.0
11.7221535649 0.0
11.7241936241 0.0
11.7262336832 0.0
11.7282737424 0.0
11.7303138015 0.0
11.7323538607 0.0
11.7343939198 0.0
11.736433979 0.0
11.7384740381 0.0
11.7405140973 0.0
11.7425541564 0.0
11.7445942156 0.0
11.7466342747 0.0
11.7486743339 0.0
11.750714393 0.0
11.7527544522 0.0
11.7547945113 0.0
11.7568345705 0.0
11.7588746296 0.0
11.7609146887 0.0
11.7629547479 0.0
11.764994807 0.0
11.7670348662 0.0
11.7690749253 0.0
11.7711149845 0.0
11.7731550436 0.0
11.7751951028 0.0
11.7772351619 0.0
11.7792752211 0.0
11.7813152802 0.0
11.7833553394 0.0
11.7853953985 0.0
11.7874354577 0.0
11.7894755168 0.0
11.791515576 0.0
11.7935556351 0.0
11.7955956943 0.0
11.7976357534 0.0
11.7996758125 0.0
11.8017158717 3.19e-19
11.8037559308 3.19e-19
11.80579599 3.19e-19
11.8078360491 3.19e-19
11.8098761083 3.19e-19
11.8119161674 3.19e-19
11.8139562266 3.19e-19
11.8159962857 3.19e-19
11.8180363449 3.19e-19
11.820076404 3.19e-19
11.8221164632 3.19e-19
11.8241565223 0.0
11.8261965815 0.0
11.8282366406 0.0
11.8302766998 0.0
11.8323167589 0.0
11.8343568181 0.0
11.8363968772 0.0
11.8384369363 0.0
11.8404769955 0.0
11.8425170546 0.0
11.8445571138 0.0
11.8465971729 0.0
11.8486372321 0.0
11.8506772912 0.0
11.8527173504 0.0
11.8547574095 0.0
11.8567974687 0.0
11.8588375278 0.0
11.860877587 0.0
11.8629176461 0.0
11.8649577053 0.0
11.8669977644 0.0
11.8690378236 0.0
11.8710778827 0.0
11.8731179419 0.0
11.875158001 0.0
11.8771980601 0.0
11.8792381193 0.0
11.8812781784 0.0
11.8833182376 0.0
11.8853582967 0.0
11.8873983559 0.0
11.889438415 0.0
11.8914784742 0.0
11.8935185333 0.0
11.8955585925 0.0
11.8975986516 0.0
11.8996387108 0.0
11.9016787699 0.0
11.9037188291 0.0
11.9057588882 0.0
11.9077989474 0.0
11.9098390065 0.0
11.9118790657 0.0
11.9139191248 0.0
11.9159591839 0.0
11.9179992431 0.0
11.9200393022 0.0
11.9220793614 0.0
11.9241194205 0.0
11.9261594797 0.0
11.9281995388 0.0
11.930239598 0.0
11.9322796571 0.0
11.9343197163 0.0
11.9363597754 0.0
11.9383998346 0.0
11.9404398937 0.0
11.9424799529 0.0
11.944520012 0.0
11.9465600712 4.05e-18
11.9486001303 4.05e-18
11.9506401895 4.05e-18
11.9526802486 4.05e-18
11.9547203077 4.05e-18
11.9567603669 4.05e-18
11.958800426 4.05e-18
11.9608404852 4.05e-18
11.9628805443 4.05e-18
11.9649206035 4.05e-18
11.9669606626 4.05e-18
11.9690007218 0.0
11.9710407809 0.0
11.9730808401 0.0
11.9751208992 0.0
11.9771609584 0.0
11.9792010175 0.0
11.9812410767 0.0
11.9832811358 0.0
11.985321195 0.0
11.9873612541 0.0
11.9894013133 0.0
11.9914413724 0.0
11.9934814316 0.0
11.9955214907 0.0
11.9975615498 0.0
11.999601609 0.0
12.0016416681 0.0
12.0036817273 0.0
12.0057217864 0.0
12.0077618456 0.0
12.0098019047 0.0
12.0118419639 0.0
12.013882023 0.0
12.0159220822 0.0
12.0179621413 0.0
12.0200022005 0.0
12.0220422596 0.0
12.0240823188 0.0
12.0261223779 0.0
12.0281624371 0.0
12.0302024962 0.0
12.0322425554 0.0
12.0342826145 0.0
12.0363226736 0.0
12.0383627328 0.0
12.0404027919 0.0
12.0424428511 0.0
12.0444829102 0.0
12.0465229694 0.0
12.0485630285 0.0
12.0506030877 0.0
12.0526431468 0.0
12.054683206 0.0
12.0567232651 0.0
12.0587633243 0.0
12.0608033834 0.0
12.0628434426 0.0
12.0648835017 0.0
12.0669235609 0.0
12.06896362 0.0
12.0710036792 0.0
12.0730437383 0.0
12.0750837974 0.0
12.0771238566 0.0
12.0791639157 0.0
12.0812039749 0.0
12.083244034 0.0
12.0852840932 0.0
12.0873241523 0.0
12.0893642115 7.46e-18
12.0914042706 7.46e-18
12.0934443298 7.46e-18
12.0954843889 7.46e-18
12.0975244481 7.46e-18
12.0995645072 7.46e-18
12.1016045664 7.46e-18
12.1036446255 7.46e-18
12.1056846847 7.46e-18
12.1077247438 7.46e-18
12.109764803 7.46e-18
12.1118048621 0.0
12.1138449212 0.0
12.1158849804 0.0
12.1179250395 0.0
12.1199650987 0.0
12.1220051578 0.0
12.124045217 0.0
12.1260852761 0.0
12.1281253353 0.0
12.1301653944 0.0
12.1322054536 0.0
12.1342455127 0.0
12.1362855719 0.0
12.138325631 0.0
12.1403656902 0.0
12.1424057493 0.0
12.1444458085 0.0
12.1464858676 0.0
12.1485259268 0.0
12.1505659859 0.0
12.152606045 0.0
12.1546461042 0.0
12.1566861633 0.0
12.1587262225 0.0
12.1607662816 0.0
12.1628063408 0.0
12.1648463999 0.0
12.1668864591 0.0
12.1689265182 0.0
12.1709665774 0.0
12.1730066365 0.0
12.1750466957 0.0
12.1770867548 0.0
12.179126814 0.0
12.1811668731 0.0
12.1832069323 0.0
12.1852469914 0.0
12.1872870506 0.0
12.1893271097 0.0
12.1913671688 0.0
12.193407228 0.0
12.1954472871 0.0
12.1974873463 0.0
12.1995274054 0.0
12.2015674646 0.0
12.2036075237 0.0
12.2056475829 0.0
12.207687642 0.0
12.2097277012 0.0
12.2117677603 0.0
12.2138078195 0.0
12.2158478786 0.0
12.2178879378 0.0
12.2199279969 0.0
12.2219680561 0.0
12.2240081152 0.0
12.2260481744 5e-17
12.2280882335 5e-17
12.2301282926 5e-17
12.2321683518 5e-17
12.2342084109 5e-17
12.2362484701 5e-17
12.2382885292 5e-17
12.2403285884 5e-17
12.2423686475 5e-17
12.2444087067 5e-17
12.2464487658 5e-17
12.248488825 5e-17
12.2505288841 0.0
12.2525689433 0.0
12.2546090024 0.0
12.2566490616 0.0
12.2586891207 0.0
12.2607291799 0.0
12.262769239 0.0
12.2648092982 0.0
12.2668493573 0.0
12.2688894164 0.0
12.2709294756 0.0
12.2729695347 0.0
12.2750095939 0.0
12.277049653 0.0
12.2790897122 0.0
12.2811297713 0.0
12.2831698305 0.0
12.2852098896 0.0
12.2872499488 0.0
12.2892900079 0.0
12.2913300671 0.0
12.2933701262 0.0
12.2954101854 0.0
12.2974502445 0.0
12.2994903037 0.0
12.3015303628 0.0
12.303570422 0.0
12.3056104811 0.0
12.3076505402 0.0
12.3096905994 0.0
12.3117306585 0.0
12.3137707177 0.0
12.3158107768 0.0
12.317850836 0.0
12.3198908951 0.0
12.3219309543 0.0
12.3239710134 0.0
12.3260110726 0.0
12.3280511317 0.0
12.3300911909 0.0
12.33213125 0.0
12.3341713092 0.0
12.3362113683 0.0
12.3382514275 0.0
12.3402914866 0.0
12.3423315458 0.0
12.3443716049 0.0
12.346411664 0.0
12.3484517232 0.0
12.3504917823 0.0
12.3525318415 0.0
12.3545719006 0.0
12.3566119598 0.0
12.3586520189 0.0
12.3606920781 6.2e-17
12.3627321372 6.2e-17
12.3647721964 6.2e-17
12.3668122555 6.2e-17
12.3688523147 6.2e-17
12.3708923738 6.2e-17
12.372932433 6.2e-17
12.3749724921 6.2e-17
12.3770125513 6.2e-17
12.3790526104 6.2e-17
12.3810926696 6.2e-17
12.3831327287 6.2e-17
12.3851727879 0.0
12.387212847 0.0
12.3892529061 0.0
12.3912929653 0.0
12.3933330244 0.0
12.3953730836 0.0
12.3974131427 0.0
12.3994532019 0.0
12.401493261 0.0
12.4035333202 0.0
12.4055733793 0.0
12.4076134385 0.0
12.4096534976 0.0
12.4116935568 0.0
12.4137336159 0.0
12.4157736751 0.0
12.4178137342 0.0
12.4198537934 0.0
12.4218938525 0.0
12.4239339117 0.0
12.4259739708 0.0
12.4280140299 0.0
12.4300540891 0.0
12.4320941482 0.0
12.4341342074 0.0
12.4361742665 0.0
12.4382143257 0.0
12.4402543848 0.0
12.442294444 0.0
12.4443345031 0.0
12.4463745623 0.0
12.4484146214 0.0
12.4504546806 0.0
12.4524947397 0.0
12.4545347989 0.0
12.456574858 0.0
12.4586149172 0.0
12.4606549763 0.0
12.4626950355 0.0
12.4647350946 0.0
12.4667751537 0.0
12.4688152129 0.0
12.470855272 0.0
12.4728953312 0.0
12.4749353903 0.0
12.4769754495 0.0
12.4790155086 0.0
12.4810555678 0.0
12.4830956269 0.0
12.4851356861 0.0
12.4871757452 0.0
12.4892158044 0.0
12.4912558635 7.94e-17
12.4932959227 7.94e-17
12.4953359818 7.94e-17
12.497376041 7.94e-17
12.4994161001 7.94e-17
12.5014561593 7.94e-17
12.5034962184 7.94e-17
12.5055362775 7.94e-17
12.5075763367 7.94e-17
12.5096163958 7.94e-17
12.511656455 7.94e-17
12.5136965141 7.94e-17
12.5157365733 7.94e-17
12.5177766324 0.0
12.5198166916 0.0
12.5218567507 0.0
12.5238968099 0.0
12.525936869 0.0
12.5279769282 0.0
12.5300169873 0.0
12.5320570465 0.0
12.5340971056 0.0
12.5361371648 0.0
12.5381772239 0.0
12.5402172831 0.0
12.5422573422 0.0
12.5442974013 0.0
12.5463374605 0.0
12.5483775196 0.0
12.5504175788 0.0
12.5524576379 0.0
12.5544976971 0.0
12.5565377562 0.0
12.5585778154 0.0
12.5606178745 0.0
12.5626579337 0.0
12.5646979928 0.0
12.566738052 0.0
12.5687781111 0.0
12.5708181703 0.0
12.5728582294 0.0
12.5748982886 0.0
12.5769383477 0.0
12.5789784069 0.0
12.581018466 0.0
12.5830585251 0.0
12.5850985843 0.0
12.5871386434 0.0
12.5891787026 0.0
12.5912187617 0.0
12.5932588209 0.0
12.59529888 0.0
12.5973389392 0.0
12.5993789983 0.0
12.6014190575 0.0
12.6034591166 0.0
12.6054991758 0.0
12.6075392349 0.0
12.6095792941 0.0
12.6116193532 0.0
12.6136594124 0.0
12.6156994715 0.0
12.6177395307 6.65e-17
12.6197795898 6.65e-17
12.6218196489 6.65e-17
12.6238597081 6.65e-17
12.6258997672 6.65e-17
12.6279398264 6.65e-17
12.6299798855 6.65e-17
12.6320199447 6.65e-17
12.6340600038 6.65e-17
12.636100063 6.65e-17
12.6381401221 6.65e-17
12.6401801813 6.65e-17
12.6422202404 6.65e-17
12.6442602996 0.0
12.6463003587 0.0
12.6483404179 0.0
12.650380477 0.0
12.6524205362 0.0
12.6544605953 0.0
12.6565006545 0.0
12.6585407136 0.0
12.6605807727 0.0
12.6626208319 0.0
12.664660891 0.0
12.6667009502 0.0
12.6687410093 0.0
12.6707810685 0.0
12.6728211276 0.0
12.6748611868 0.0
12.6769012459 0.0
12.6789413051 0.0
12.6809813642 0.0
12.6830214234 0.0
12.6850614825 0.0
12.6871015417 0.0
12.6891416008 0.0
12.69118166 0.0
12.6932217191 0.0
12.6952617783 0.0
12.6973018374 0.0
12.6993418965 0.0
12.7013819557 0.0
12.7034220148 0.0
12.705462074 0.0
12.7075021331 0.0
12.7095421923 0.0
12.7115822514 0.0
12.7136223106 0.0
12.7156623697 0.0
12.7177024289 0.0
12.719742488 0.0
12.7217825472 0.0
12.7238226063 0.0
12.7258626655 0.0
12.7279027246 0.0
12.7299427838 0.0
12.7319828429 0.0
12.7340229021 0.0
12.7360629612 0.0
12.7381030203 0.0
12.7401430795 5.45e-17
12.7421831386 5.45e-17
12.7442231978 5.45e-17
12.7462632569 5.45e-17
12.7483033161 5.45e-17
12.7503433752 5.45e-17
12.7523834344 5.45e-17
12.7544234935 5.45e-17
12.7564635527 5.45e-17
12.7585036118 5.45e-17
12.760543671 5.45e-17
12.7625837301 5.45e-17
12.7646237893 5.45e-17
12.7666638484 0.0
12.7687039076 0.0
12.7707439667 0.0
12.7727840259 0.0
12.774824085 0.0
12.7768641441 0.0
12.7789042033 0.0
12.7809442624 0.0
12.7829843216 0.0
12.7850243807 0.0
12.7870644399 0.0
12.789104499 0.0
12.7911445582 0.0
12.7931846173 0.0
12.7952246765 0.0
12.7972647356 0.0
12.7993047948 0.0
12.8013448539 0.0
12.8033849131 0.0
12.8054249722 0.0
12.8074650314 0.0
12.8095050905 0.0
12.8115451497 0.0
12.8135852088 0.0
12.815625268 0.0
12.8176653271 0.0
12.8197053862 0.0
12.8217454454 0.0
12.8237855045 0.0
12.8258255637 0.0
12.8278656228 0.0
12.829905682 0.0
12.8319457411 0.0
12.8339858003 0.0
12.8360258594 0.0
12.8380659186 0.0
12.8401059777 0.0
12.8421460369 0.0
12.844186096 0.0
12.8462261552 0.0
12.8482662143 0.0
12.8503062735 0.0
12.8523463326 0.0
12.8543863918 0.0
12.8564264509 0.0
12.85846651 0.0
12.8605065692 6e-17
12.8625466283 6e-17
12.8645866875 6e-17
12.8666267466 6e-17
12.8686668058 6e-17
12.8707068649 6e-17
12.8727469241 6e-17
12.8747869832 6e-17
12.8768270424 6e-17
12.8788671015 6e-17
12.8809071607 6e-17
12.8829472198 6e-17
12.884987279 6e-17
12.8870273381 0.0
12.8890673973 0.0
12.8911074564 0.0
12.8931475156 0.0
12.8951875747 0.0
12.8972276338 0.0
12.899267693 0.0
12.9013077521 0.0
12.9033478113 0.0
12.9053878704 0.0
12.9074279296 0.0
12.9094679887 0.0
12.9115080479 0.0
12.913548107 0.0
12.9155881662 0.0
12.9176282253 0.0
12.9196682845 0.0
12.9217083436 0.0
12.9237484028 0.0
12.9257884619 0.0
12.9278285211 0.0
12.9298685802 0.0
12.9319086394 0.0
12.9339486985 0.0
12.9359887576 0.0
12.9380288168 0.0
12.9400688759 0.0
12.9421089351 0.0
12.9441489942 0.0
12.9461890534 0.0
12.9482291125 0.0
12.9502691717 0.0
12.9523092308 0.0
12.95434929 0.0
12.9563893491 0.0
12.9584294083 0.0
12.9604694674 0.0
12.9625095266 0.0
12.9645495857 0.0
12.9665896449 0.0
12.968629704 0.0
12.9706697632 0.0
12.9727098223 0.0
12.9747498814 4.95e-17
12.9767899406 4.95e-17
12.9788299997 4.95e-17
12.9808700589 4.95e-17
12.982910118 4.95e-17
12.9849501772 4.95e-17
12.9869902363 4.95e-17
12.9890302955 4.95e-17
12.9910703546 4.95e-17
12.9931104138 4.95e-17
12.9951504729 4.95e-17
12.9971905321 4.95e-17
12.9992305912 4.95e-17
13.0012706504 4.95e-17
13.0033107095 0.0
13.0053507687 0.0
13.0073908278 0.0
13.009430887 0.0
13.0114709461 0.0
13.0135110052 0.0
13.0155510644 0.0
13.0175911235 0.0
13.0196311827 0.0
13.0216712418 0.0
13.023711301 0.0
13.0257513601 0.0
13.0277914193 0.0
13.0298314784 0.0
13.0318715376 0.0
13.0339115967 0.0
13.0359516559 0.0
13.037991715 0.0
13.0400317742 0.0
13.0420718333 0.0
13.0441118925 0.0
13.0461519516 0.0
13.0481920108 0.0
13.0502320699 0.0
13.052272129 0.0
13.0543121882 0.0
13.0563522473 0.0
13.0583923065 0.0
13.0604323656 0.0
13.0624724248 0.0
13.0645124839 0.0
13.0665525431 0.0
13.0685926022 0.0
13.0706326614 0.0
13.0726727205 0.0
13.0747127797 0.0
13.0767528388 0.0
13.078792898 0.0
13.0808329571 0.0
13.0828730163 0.0
13.0849130754 0.0
13.0869531346 0.0
13.0889931937 0.0
13.0910332528 0.0
13.093073312 0.0
13.0951133711 4.09e-17
13.0971534303 4.09e-17
13.0991934894 4.09e-17
13.1012335486 4.09e-17
13.1032736077 4.09e-17
13.1053136669 4.09e-17
13.107353726 4.09e-17
13.1093937852 4.09e-17
13.1114338443 4.09e-17
13.1134739035 4.09e-17
13.1155139626 4.09e-17
13.1175540218 4.09e-17
13.1195940809 4.09e-17
13.1216341401 4.09e-17
13.1236741992 0.0
13.1257142584 0.0
13.1277543175 0.0
13.1297943766 0.0
13.1318344358 0.0
13.1338744949 0.0
13.1359145541 0.0
13.1379546132 0.0
13.1399946724 0.0
13.1420347315 0.0
13.1440747907 0.0
13.1461148498 0.0
13.148154909 0.0
13.1501949681 0.0
13.1522350273 0.0
13.1542750864 0.0
13.1563151456 0.0
13.1583552047 0.0
13.1603952639 0.0
13.162435323 0.0
13.1644753822 0.0
13.1665154413 0.0
13.1685555004 0.0
13.1705955596 0.0
13.1726356187 0.0
13.1746756779 0.0
13.176715737 0.0
13.1787557962 0.0
13.1807958553 0.0
13.1828359145 0.0
13.1848759736 0.0
13.1869160328 0.0
13.1889560919 0.0
13.1909961511 0.0
13.1930362102 0.0
13.1950762694 0.0
13.1971163285 0.0
13.1991563877 0.0
13.2011964468 3.41e-17
13.203236506 3.41e-17
13.2052765651 3.41e-17
13.2073166243 3.41e-17
13.2093566834 3.41e-17
13.2113967425 3.41e-17
13.2134368017 3.41e-17
13.2154768608 3.41e-17
13.21751692 3.41e-17
13.2195569791 3.41e-17
13.2215970383 3.41e-17
13.2236370974 3.41e-17
13.2256771566 3.41e-17
13.2277172157 3.41e-17
13.2297572749 0.0
13.231797334 0.0
13.2338373932 0.0
13.2358774523 0.0
13.2379175115 0.0
13.2399575706 0.0
13.2419976298 0.0
13.2440376889 0.0
13.2460777481 0.0
13.2481178072 0.0
13.2501578663 0.0
13.2521979255 0.0
13.2542379846 0.0
13.2562780438 0.0
13.2583181029 0.0
13.2603581621 0.0
13.2623982212 0.0
13.2644382804 0.0
13.2664783395 0.0
13.2685183987 0.0
13.2705584578 0.0
13.272598517 0.0
13.2746385761 0.0
13.2766786353 0.0
13.2787186944 0.0
13.2807587536 0.0
13.2827988127 0.0
13.2848388719 0.0
13.286878931 0.0
13.2889189901 0.0
13.2909590493 0.0
13.2929991084 0.0
13.2950391676 0.0
13.2970792267 0.0
13.2991192859 0.0
13.301159345 0.0
13.3031994042 0.0
13.3052394633 2.72e-17
13.3072795225 2.72e-17
13.3093195816 2.72e-17
13.3113596408 2.72e-17
13.3133996999 2.72e-17
13.3154397591 2.72e-17
13.3174798182 2.72e-17
13.3195198774 2.72e-17
13.3215599365 2.72e-17
13.3235999957 2.72e-17
13.3256400548 2.72e-17
13.3276801139 2.72e-17
13.3297201731 2.72e-17
13.3317602322 2.72e-17
13.3338002914 0.0
13.3358403505 0.0
13.3378804097 0.0
13.3399204688 0.0
13.341960528 0.0
13.3440005871 0.0
13.3460406463 0.0
13.3480807054 0.0
13.3501207646 0.0
13.3521608237 0.0
13.3542008829 0.0
13.356240942 0.0
13.3582810012 0.0
13.3603210603 0.0
13.3623611195 0.0
13.3644011786 0.0
13.3664412377 0.0
13.3684812969 0.0
13.370521356 0.0
13.3725614152 0.0
13.3746014743 0.0
13.3766415335 0.0
13.3786815926 0.0
13.3807216518 0.0
13.3827617109 0.0
13.3848017701 0.0
13.3868418292 0.0
13.3888818884 0.0
13.3909219475 0.0
13.3929620067 0.0
13.3950020658 0.0
13.397042125 0.0
13.3990821841 0.0
13.4011222433 0.0
13.4031623024 0.0
13.4052023615 0.0
13.4072424207 0.0
13.4092824798 0.0
13.411322539 0.0
13.4133625981 0.0
13.4154026573 0.0
13.4174427164 0.0
13.4194827756 0.0
13.4215228347 0.0
13.4235628939 0.0
13.425602953 0.0
13.4276430122 0.0
13.4296830713 0.0
13.4317231305 0.0
13.4337631896 0.0
13.4358032488 0.0
13.4378433079 0.0
13.4398833671 0.0
13.4419234262 0.0
13.4439634853 0.0
13.4460035445 0.0
13.4480436036 0.0
13.4500836628 0.0
13.4521237219 0.0
13.4541637811 0.0
13.4562038402 0.0
13.4582438994 0.0
13.4602839585 0.0
13.4623240177 0.0
13.4643640768 0.0
13.466404136 0.0
13.4684441951 0.0
13.4704842543 0.0
13.4725243134 0.0
13.4745643726 0.0
13.4766044317 0.0
13.4786444909 0.0
13.48068455 0.0
13.4827246091 0.0
13.4847646683 0.0
13.4868047274 0.0
13.4888447866 0.0
13.4908848457 0.0
13.4929249049 0.0
13.494964964 0.0
13.4970050232 0.0
13.4990450823 0.0
13.5010851415 0.0
13.5031252006 0.0
13.5051652598 0.0
13.5072053189 0.0
13.5092453781 0.0
13.5112854372 0.0
13.5133254964 0.0
13.5153655555 0.0
13.5174056147 0.0
13.5194456738 0.0
13.5214857329 0.0
13.5235257921 0.0
13.5255658512 0.0
13.5276059104 0.0
13.5296459695 0.0
13.5316860287 0.0
13.5337260878 0.0
13.535766147 0.0
13.5378062061 0.0
13.5398462653 0.0
13.5418863244 0.0
13.5439263836 0.0
13.5459664427 0.0
13.5480065019 0.0
13.550046561 0.0
13.5520866202 0.0
13.5541266793 0.0
13.5561667385 0.0
13.5582067976 0.0
13.5602468567 0.0
13.5622869159 0.0
13.564326975 0.0
13.5663670342 0.0
13.5684070933 0.0
13.5704471525 0.0
13.5724872116 0.0
13.5745272708 0.0
13.5765673299 0.0
13.5786073891 0.0
13.5806474482 0.0
13.5826875074 0.0
13.5847275665 0.0
13.5867676257 0.0
13.5888076848 0.0
13.590847744 0.0
13.5928878031 0.0
13.5949278623 0.0
13.5969679214 0.0
13.5990079805 0.0
13.6010480397 0.0
13.6030880988 0.0
13.605128158 0.0
13.6071682171 0.0
13.6092082763 0.0
13.6112483354 0.0
13.6132883946 0.0
13.6153284537 0.0
13.6173685129 0.0
13.619408572 0.0
13.6214486312 0.0
13.6234886903 0.0
13.6255287495 0.0
13.6275688086 0.0
13.6296088678 0.0
13.6316489269 0.0
13.6336889861 0.0
13.6357290452 0.0
13.6377691044 0.0
13.6398091635 0.0
13.6418492226 0.0
13.6438892818 0.0
13.6459293409 0.0
13.6479694001 0.0
13.6500094592 0.0
13.6520495184 0.0
13.6540895775 0.0
13.6561296367 0.0
13.6581696958 0.0
13.660209755 0.0
13.6622498141 0.0
13.6642898733 0.0
13.6663299324 0.0
13.6683699916 0.0
13.6704100507 0.0
13.6724501099 0.0
13.674490169 0.0
13.6765302282 0.0
13.6785702873 0.0
13.6806103464 0.0
13.6826504056 0.0
13.6846904647 0.0
13.6867305239 0.0
13.688770583 0.0
13.6908106422 0.0
13.6928507013 0.0
13.6948907605 0.0
13.6969308196 0.0
13.6989708788 0.0
13.7010109379 0.0
13.7030509971 0.0
13.7050910562 0.0
13.7071311154 0.0
13.7091711745 0.0
13.7112112337 0.0
13.7132512928 0.0
13.715291352 0.0
13.7173314111 0.0
13.7193714702 0.0
13.7214115294 0.0
13.7234515885 0.0
13.7254916477 0.0
13.7275317068 0.0
13.729571766 0.0
13.7316118251 0.0
13.7336518843 0.0
13.7356919434 0.0
13.7377320026 0.0
13.7397720617 0.0
13.7418121209 0.0
13.74385218 0.0
13.7458922392 0.0
13.7479322983 0.0
13.7499723575 0.0
13.7520124166 0.0
13.7540524758 0.0
13.7560925349 0.0
13.758132594 0.0
13.7601726532 0.0
13.7622127123 0.0
13.7642527715 0.0
13.7662928306 0.0
13.7683328898 0.0
13.7703729489 0.0
13.7724130081 0.0
13.7744530672 0.0
13.7764931264 0.0
13.7785331855 0.0
13.7805732447 0.0
13.7826133038 0.0
13.784653363 0.0
13.7866934221 0.0
13.7887334813 0.0
13.7907735404 0.0
13.7928135996 0.0
13.7948536587 0.0
13.7968937178 0.0
13.798933777 0.0
13.8009738361 0.0
13.8030138953 0.0
13.8050539544 0.0
13.8070940136 0.0
13.8091340727 0.0
13.8111741319 0.0
13.813214191 0.0
13.8152542502 0.0
13.8172943093 0.0
13.8193343685 0.0
13.8213744276 0.0
13.8234144868 0.0
13.8254545459 0.0
13.8274946051 0.0
13.8295346642 0.0
13.8315747234 0.0
13.8336147825 0.0
13.8356548416 0.0
13.8376949008 0.0
13.8397349599 0.0
13.8417750191 0.0
13.8438150782 0.0
13.8458551374 0.0
13.8478951965 0.0
13.8499352557 0.0
13.8519753148 0.0
13.854015374 0.0
13.8560554331 0.0
13.8580954923 0.0
13.8601355514 0.0
13.8621756106 0.0
13.8642156697 0.0
13.8662557289 0.0
13.868295788 0.0
13.8703358472 0.0
13.8723759063 0.0
13.8744159654 0.0
13.8764560246 0.0
13.8784960837 0.0
13.8805361429 0.0
13.882576202 0.0
13.8846162612 0.0
13.8866563203 0.0
13.8886963795 0.0
13.8907364386 0.0
13.8927764978 0.0
13.8948165569 0.0
13.8968566161 0.0
13.8988966752 0.0
13.9009367344 0.0
13.9029767935 0.0
13.9050168527 0.0
13.9070569118 0.0
13.909096971 0.0
13.9111370301 0.0
13.9131770892 0.0
13.9152171484 0.0
13.9172572075 0.0
13.9192972667 0.0
13.9213373258 0.0
13.923377385 0.0
13.9254174441 0.0
13.9274575033 0.0
13.9294975624 0.0
13.9315376216 0.0
13.9335776807 0.0
13.9356177399 0.0
13.937657799 0.0
13.9396978582 0.0
13.9417379173 0.0
13.9437779765 0.0
13.9458180356 0.0
13.9478580948 0.0
13.9498981539 0.0
13.951938213 0.0
13.9539782722 0.0
13.9560183313 0.0
13.9580583905 0.0
13.9600984496 0.0
13.9621385088 0.0
13.9641785679 0.0
13.9662186271 0.0
13.9682586862 0.0
13.9702987454 0.0
13.9723388045 0.0
13.9743788637 0.0
13.9764189228 0.0
13.978458982 0.0
13.9804990411 0.0
13.9825391003 0.0
13.9845791594 0.0
13.9866192186 0.0
13.9886592777 0.0
13.9906993368 0.0
13.992739396 0.0
13.9947794551 0.0
13.9968195143 0.0
13.9988595734 0.0
14.0008996326 0.0
14.0029396917 0.0
14.0049797509 0.0
14.00701981 0.0
14.0090598692 0.0
14.0110999283 0.0
14.0131399875 0.0
14.0151800466 0.0
14.0172201058 0.0
14.0192601649 0.0
14.0213002241 0.0
14.0233402832 0.0
14.0253803424 0.0
14.0274204015 0.0
14.0294604606 0.0
14.0315005198 0.0
14.0335405789 0.0
14.0355806381 0.0
14.0376206972 0.0
14.0396607564 0.0
14.0417008155 0.0
14.0437408747 0.0
14.0457809338 0.0
14.047820993 0.0
14.0498610521 0.0
14.0519011113 0.0
14.0539411704 0.0
14.0559812296 0.0
14.0580212887 0.0
14.0600613479 0.0
14.062101407 0.0
14.0641414662 0.0
14.0661815253 0.0
14.0682215845 0.0
14.0702616436 0.0
14.0723017027 0.0
14.0743417619 0.0
14.076381821 0.0
14.0784218802 0.0
14.0804619393 0.0
14.0825019985 0.0
14.0845420576 0.0
14.0865821168 0.0
14.0886221759 0.0
14.0906622351 0.0
14.0927022942 0.0
14.0947423534 0.0
14.0967824125 0.0
14.0988224717 0.0
14.1008625308 0.0
14.10290259 0.0
14.1049426491 0.0
14.1069827083 0.0
14.1090227674 0.0
14.1110628265 0.0
14.1131028857 0.0
14.1151429448 0.0
14.117183004 0.0
14.1192230631 0.0
14.1212631223 0.0
14.1233031814 0.0
14.1253432406 0.0
14.1273832997 0.0
14.1294233589 0.0
14.131463418 0.0
14.1335034772 0.0
14.1355435363 0.0
14.1375835955 0.0
14.1396236546 0.0
14.1416637138 0.0
14.1437037729 0.0
14.1457438321 0.0
14.1477838912 0.0
14.1498239503 0.0
14.1518640095 0.0
14.1539040686 0.0
14.1559441278 0.0
14.1579841869 0.0
14.1600242461 0.0
14.1620643052 0.0
14.1641043644 0.0
14.1661444235 0.0
14.1681844827 0.0
14.1702245418 0.0
14.172264601 0.0
14.1743046601 0.0
14.1763447193 0.0
14.1783847784 0.0
14.1804248376 0.0
14.1824648967 0.0
14.1845049559 0.0
14.186545015 0.0
14.1885850741 0.0
14.1906251333 0.0
14.1926651924 0.0
14.1947052516 0.0
14.1967453107 0.0
14.1987853699 0.0
14.200825429 0.0
14.2028654882 0.0
14.2049055473 0.0
14.2069456065 0.0
14.2089856656 0.0
14.2110257248 0.0
14.2130657839 0.0
14.2151058431 0.0
14.2171459022 0.0
14.2191859614 0.0
14.2212260205 0.0
14.2232660797 0.0
14.2253061388 0.0
14.2273461979 0.0
14.2293862571 0.0
14.2314263162 0.0
14.2334663754 0.0
14.2355064345 0.0
14.2375464937 0.0
14.2395865528 0.0
14.241626612 0.0
14.2436666711 0.0
14.2457067303 0.0
14.2477467894 0.0
14.2497868486 0.0
14.2518269077 0.0
14.2538669669 0.0
14.255907026 0.0
14.2579470852 0.0
14.2599871443 0.0
14.2620272035 0.0
14.2640672626 0.0
14.2661073217 0.0
14.2681473809 0.0
14.27018744 0.0
14.2722274992 0.0
14.2742675583 0.0
14.2763076175 0.0
14.2783476766 0.0
14.2803877358 0.0
14.2824277949 0.0
14.2844678541 0.0
14.2865079132 0.0
14.2885479724 0.0
14.2905880315 0.0
14.2926280907 0.0
14.2946681498 0.0
14.296708209 0.0
14.2987482681 0.0
14.3007883273 0.0
14.3028283864 0.0
14.3048684455 0.0
14.3069085047 0.0
14.3089485638 0.0
14.310988623 0.0
14.3130286821 0.0
14.3150687413 0.0
14.3171088004 0.0
14.3191488596 0.0
14.3211889187 0.0
14.3232289779 0.0
14.325269037 0.0
14.3273090962 0.0
14.3293491553 0.0
14.3313892145 0.0
14.3334292736 0.0
14.3354693328 0.0
14.3375093919 0.0
14.3395494511 0.0
14.3415895102 0.0
14.3436295693 0.0
14.3456696285 0.0
14.3477096876 0.0
14.3497497468 0.0
14.3517898059 0.0
14.3538298651 0.0
14.3558699242 0.0
14.3579099834 0.0
14.3599500425 0.0
14.3619901017 0.0
14.3640301608 0.0
14.36607022 0.0
14.3681102791 0.0
14.3701503383 0.0
14.3721903974 0.0
14.3742304566 0.0
14.3762705157 0.0
14.3783105749 0.0
14.380350634 0.0
14.3823906931 0.0
14.3844307523 0.0
14.3864708114 0.0
14.3885108706 0.0
14.3905509297 0.0
14.3925909889 0.0
14.394631048 0.0
14.3966711072 0.0
14.3987111663 0.0
14.4007512255 0.0
14.4027912846 0.0
14.4048313438 0.0
14.4068714029 0.0
14.4089114621 0.0
14.4109515212 0.0
14.4129915804 0.0
14.4150316395 0.0
14.4170716987 0.0
14.4191117578 0.0
14.4211518169 0.0
14.4231918761 0.0
14.4252319352 0.0
14.4272719944 0.0
14.4293120535 0.0
14.4313521127 0.0
14.4333921718 0.0
14.435432231 0.0
14.4374722901 0.0
14.4395123493 0.0
14.4415524084 0.0
14.4435924676 0.0
14.4456325267 0.0
14.4476725859 0.0
14.449712645 0.0
14.4517527042 0.0
14.4537927633 0.0
14.4558328225 0.0
14.4578728816 0.0
14.4599129408 0.0
14.4619529999 0.0
14.463993059 0.0
14.4660331182 0.0
14.4680731773 0.0
14.4701132365 0.0
14.4721532956 0.0
14.4741933548 0.0
14.4762334139 0.0
14.4782734731 0.0
14.4803135322 0.0
14.4823535914 0.0
14.4843936505 0.0
14.4864337097 0.0
14.4884737688 0.0
14.490513828 0.0
14.4925538871 0.0
14.4945939463 0.0
14.4966340054 0.0
14.4986740646 0.0
14.5007141237 0.0
14.5027541828 0.0
14.504794242 0.0
14.5068343011 0.0
14.5088743603 0.0
14.5109144194 0.0
14.5129544786 0.0
14.5149945377 0.0
14.5170345969 0.0
14.519074656 0.0
14.5211147152 0.0
14.5231547743 0.0
14.5251948335 0.0
14.5272348926 0.0
14.5292749518 0.0
14.5313150109 0.0
14.5333550701 0.0
14.5353951292 0.0
14.5374351884 0.0
14.5394752475 0.0
14.5415153066 0.0
14.5435553658 0.0
14.5455954249 0.0
14.5476354841 0.0
14.5496755432 0.0
14.5517156024 0.0
14.5537556615 0.0
14.5557957207 0.0
14.5578357798 0.0
14.559875839 0.0
14.5619158981 0.0
14.5639559573 0.0
14.5659960164 0.0
14.5680360756 0.0
14.5700761347 0.0
14.5721161939 0.0
14.574156253 0.0
14.5761963122 0.0
14.5782363713 0.0
14.5802764304 0.0
14.5823164896 0.0
14.5843565487 0.0
14.5863966079 0.0
14.588436667 0.0
14.5904767262 0.0
14.5925167853 0.0
14.5945568445 0.0
14.5965969036 0.0
14.5986369628 0.0
14.6006770219 0.0
14.6027170811 0.0
14.6047571402 0.0
14.6067971994 0.0
14.6088372585 0.0
14.6108773177 0.0
14.6129173768 0.0
14.614957436 0.0
14.6169974951 0.0
14.6190375542 0.0
14.6210776134 0.0
14.6231176725 0.0
14.6251577317 0.0
14.6271977908 0.0
14.62923785 0.0
14.6312779091 0.0
14.6333179683 0.0
14.6353580274 0.0
14.6373980866 0.0
14.6394381457 0.0
14.6414782049 0.0
14.643518264 0.0
14.6455583232 0.0
14.6475983823 0.0
14.6496384415 0.0
14.6516785006 0.0
14.6537185598 0.0
14.6557586189 0.0
14.657798678 0.0
14.6598387372 0.0
14.6618787963 0.0
14.6639188555 0.0
14.6659589146 0.0
14.6679989738 0.0
14.6700390329 0.0
14.6720790921 0.0
14.6741191512 0.0
14.6761592104 0.0
