#table for averaged Tdust
#dust/gas mass ratio = 0.009
#metallicity Z = 1
#redshift = 3
#ngas = 1d-6, 1d6 cm-3
#Tgas = 10,1e8 K
#power-law exponent = -3.5
#dust size = 5d-7, 2.5d-5 cm
#dust type = C
#dust bins = 20
#radiation energy = 2d-3, 1.2d3 eV
#radiation bins = 100
#flux: HM2012
#columns: ngas (cm-3), Tgas (K), <Tdust> (K)

          30 ,          30
 -0.60000000E+001  0.10000000E+001  0.10214398E+001
 -0.60000000E+001  0.12413793E+001  0.12627598E+001
 -0.60000000E+001  0.14827586E+001  0.15041134E+001
 -0.60000000E+001  0.17241379E+001  0.17040530E+001
 -0.60000000E+001  0.19655172E+001  0.17265073E+001
 -0.60000000E+001  0.22068966E+001  0.17383769E+001
 -0.60000000E+001  0.24482759E+001  0.17483331E+001
 -0.60000000E+001  0.26896552E+001  0.17576273E+001
 -0.60000000E+001  0.29310345E+001  0.17666846E+001
 -0.60000000E+001  0.31724138E+001  0.17756967E+001
 -0.60000000E+001  0.34137931E+001  0.17847637E+001
 -0.60000000E+001  0.36551724E+001  0.17939432E+001
 -0.60000000E+001  0.38965517E+001  0.18032710E+001
 -0.60000000E+001  0.41379310E+001  0.18127712E+001
 -0.60000000E+001  0.43793103E+001  0.18224617E+001
 -0.60000000E+001  0.46206897E+001  0.18323569E+001
 -0.60000000E+001  0.48620690E+001  0.18424692E+001
 -0.60000000E+001  0.51034483E+001  0.18528105E+001
 -0.60000000E+001  0.53448276E+001  0.18633925E+001
 -0.60000000E+001  0.55862069E+001  0.18742268E+001
 -0.60000000E+001  0.58275862E+001  0.18853259E+001
 -0.60000000E+001  0.60689655E+001  0.18967027E+001
 -0.60000000E+001  0.63103448E+001  0.19083710E+001
 -0.60000000E+001  0.65517241E+001  0.19203454E+001
 -0.60000000E+001  0.67931034E+001  0.19326418E+001
 -0.60000000E+001  0.70344828E+001  0.19452771E+001
 -0.60000000E+001  0.72758621E+001  0.19582695E+001
 -0.60000000E+001  0.75172414E+001  0.19716387E+001
 -0.60000000E+001  0.77586207E+001  0.19854061E+001
 -0.60000000E+001  0.80000000E+001  0.19995947E+001
 
 -0.55862069E+001  0.10000000E+001  0.10213754E+001
 -0.55862069E+001  0.12413793E+001  0.12627319E+001
 -0.55862069E+001  0.14827586E+001  0.15041013E+001
 -0.55862069E+001  0.17241379E+001  0.17110619E+001
 -0.55862069E+001  0.19655172E+001  0.17353597E+001
 -0.55862069E+001  0.22068966E+001  0.17476216E+001
 -0.55862069E+001  0.24482759E+001  0.17578423E+001
 -0.55862069E+001  0.26896552E+001  0.17673643E+001
 -0.55862069E+001  0.29310345E+001  0.17766372E+001
 -0.55862069E+001  0.31724138E+001  0.17858625E+001
 -0.55862069E+001  0.34137931E+001  0.17951451E+001
 -0.55862069E+001  0.36551724E+001  0.18045452E+001
 -0.55862069E+001  0.38965517E+001  0.18141007E+001
 -0.55862069E+001  0.41379310E+001  0.18238369E+001
 -0.55862069E+001  0.43793103E+001  0.18337726E+001
 -0.55862069E+001  0.46206897E+001  0.18439231E+001
 -0.55862069E+001  0.48620690E+001  0.18543017E+001
 -0.55862069E+001  0.51034483E+001  0.18649212E+001
 -0.55862069E+001  0.53448276E+001  0.18757939E+001
 -0.55862069E+001  0.55862069E+001  0.18869326E+001
 -0.55862069E+001  0.58275862E+001  0.18983507E+001
 -0.55862069E+001  0.60689655E+001  0.19100621E+001
 -0.55862069E+001  0.63103448E+001  0.19220817E+001
 -0.55862069E+001  0.65517241E+001  0.19344255E+001
 -0.55862069E+001  0.67931034E+001  0.19471107E+001
 -0.55862069E+001  0.70344828E+001  0.19601557E+001
 -0.55862069E+001  0.72758621E+001  0.19735805E+001
 -0.55862069E+001  0.75172414E+001  0.19874066E+001
 -0.55862069E+001  0.77586207E+001  0.20016575E+001
 -0.55862069E+001  0.80000000E+001  0.20163585E+001
 
 -0.51724138E+001  0.10000000E+001  0.10213506E+001
 -0.51724138E+001  0.12413793E+001  0.12627211E+001
 -0.51724138E+001  0.14827586E+001  0.15040966E+001
 -0.51724138E+001  0.17241379E+001  0.17178564E+001
 -0.51724138E+001  0.19655172E+001  0.17443759E+001
 -0.51724138E+001  0.22068966E+001  0.17570576E+001
 -0.51724138E+001  0.24482759E+001  0.17675569E+001
 -0.51724138E+001  0.26896552E+001  0.17773179E+001
 -0.51724138E+001  0.29310345E+001  0.17868166E+001
 -0.51724138E+001  0.31724138E+001  0.17962649E+001
 -0.51724138E+001  0.34137931E+001  0.18057731E+001
 -0.51724138E+001  0.36551724E+001  0.18154045E+001
 -0.51724138E+001  0.38965517E+001  0.18251986E+001
 -0.51724138E+001  0.41379310E+001  0.18351822E+001
 -0.51724138E+001  0.43793103E+001  0.18453753E+001
 -0.51724138E+001  0.46206897E+001  0.18557940E+001
 -0.51724138E+001  0.48620690E+001  0.18664528E+001
 -0.51724138E+001  0.51034483E+001  0.18773650E+001
 -0.51724138E+001  0.53448276E+001  0.18885442E+001
 -0.51724138E+001  0.55862069E+001  0.19000042E+001
 -0.51724138E+001  0.58275862E+001  0.19117591E+001
 -0.51724138E+001  0.60689655E+001  0.19238244E+001
 -0.51724138E+001  0.63103448E+001  0.19362161E+001
 -0.51724138E+001  0.65517241E+001  0.19489516E+001
 -0.51724138E+001  0.67931034E+001  0.19620497E+001
 -0.51724138E+001  0.70344828E+001  0.19755305E+001
 -0.51724138E+001  0.72758621E+001  0.19894159E+001
 -0.51724138E+001  0.75172414E+001  0.20037294E+001
 -0.51724138E+001  0.77586207E+001  0.20184969E+001
 -0.51724138E+001  0.80000000E+001  0.20337465E+001
 
 -0.47586207E+001  0.10000000E+001  0.10213410E+001
 -0.47586207E+001  0.12413793E+001  0.12627170E+001
 -0.47586207E+001  0.14827586E+001  0.15040948E+001
 -0.47586207E+001  0.17241379E+001  0.17243096E+001
 -0.47586207E+001  0.19655172E+001  0.17535604E+001
 -0.47586207E+001  0.22068966E+001  0.17666922E+001
 -0.47586207E+001  0.24482759E+001  0.17774855E+001
 -0.47586207E+001  0.26896552E+001  0.17874974E+001
 -0.47586207E+001  0.29310345E+001  0.17972327E+001
 -0.47586207E+001  0.31724138E+001  0.18069149E+001
 -0.47586207E+001  0.34137931E+001  0.18166595E+001
 -0.47586207E+001  0.36551724E+001  0.18265332E+001
 -0.47586207E+001  0.38965517E+001  0.18365776E+001
 -0.47586207E+001  0.41379310E+001  0.18468210E+001
 -0.47586207E+001  0.43793103E+001  0.18572846E+001
 -0.47586207E+001  0.46206897E+001  0.18679855E+001
 -0.47586207E+001  0.48620690E+001  0.18789392E+001
 -0.47586207E+001  0.51034483E+001  0.18901601E+001
 -0.47586207E+001  0.53448276E+001  0.19016628E+001
 -0.47586207E+001  0.55862069E+001  0.19134620E+001
 -0.47586207E+001  0.58275862E+001  0.19255734E+001
 -0.47586207E+001  0.60689655E+001  0.19380135E+001
 -0.47586207E+001  0.63103448E+001  0.19507998E+001
 -0.47586207E+001  0.65517241E+001  0.19639515E+001
 -0.47586207E+001  0.67931034E+001  0.19774887E+001
 -0.47586207E+001  0.70344828E+001  0.19914338E+001
 -0.47586207E+001  0.72758621E+001  0.20058106E+001
 -0.47586207E+001  0.75172414E+001  0.20206452E+001
 -0.47586207E+001  0.77586207E+001  0.20359661E+001
 -0.47586207E+001  0.80000000E+001  0.20518041E+001
 
 -0.43448276E+001  0.10000000E+001  0.10213373E+001
 -0.43448276E+001  0.12413793E+001  0.12627153E+001
 -0.43448276E+001  0.14827586E+001  0.15040941E+001
 -0.43448276E+001  0.17241379E+001  0.17302387E+001
 -0.43448276E+001  0.19655172E+001  0.17629173E+001
 -0.43448276E+001  0.22068966E+001  0.17765333E+001
 -0.43448276E+001  0.24482759E+001  0.17876372E+001
 -0.43448276E+001  0.26896552E+001  0.17979128E+001
 -0.43448276E+001  0.29310345E+001  0.18078965E+001
 -0.43448276E+001  0.31724138E+001  0.18178238E+001
 -0.43448276E+001  0.34137931E+001  0.18278165E+001
 -0.43448276E+001  0.36551724E+001  0.18379445E+001
 -0.43448276E+001  0.38965517E+001  0.18482519E+001
 -0.43448276E+001  0.41379310E+001  0.18587684E+001
 -0.43448276E+001  0.43793103E+001  0.18695165E+001
 -0.43448276E+001  0.46206897E+001  0.18805146E+001
 -0.43448276E+001  0.48620690E+001  0.18917792E+001
 -0.43448276E+001  0.51034483E+001  0.19033259E+001
 -0.43448276E+001  0.53448276E+001  0.19151703E+001
 -0.43448276E+001  0.55862069E+001  0.19273286E+001
 -0.43448276E+001  0.58275862E+001  0.19398176E+001
 -0.43448276E+001  0.60689655E+001  0.19526553E+001
 -0.43448276E+001  0.63103448E+001  0.19658609E+001
 -0.43448276E+001  0.65517241E+001  0.19794552E+001
 -0.43448276E+001  0.67931034E+001  0.19934605E+001
 -0.43448276E+001  0.70344828E+001  0.20079011E+001
 -0.43448276E+001  0.72758621E+001  0.20228034E+001
 -0.43448276E+001  0.75172414E+001  0.20381962E+001
 -0.43448276E+001  0.77586207E+001  0.20541108E+001
 -0.43448276E+001  0.80000000E+001  0.20705817E+001
 
 -0.39310345E+001  0.10000000E+001  0.10213359E+001
 -0.39310345E+001  0.12413793E+001  0.12627147E+001
 -0.39310345E+001  0.14827586E+001  0.15040938E+001
 -0.39310345E+001  0.17241379E+001  0.17353941E+001
 -0.39310345E+001  0.19655172E+001  0.17724509E+001
 -0.39310345E+001  0.22068966E+001  0.17865890E+001
 -0.39310345E+001  0.24482759E+001  0.17980217E+001
 -0.39310345E+001  0.26896552E+001  0.18085749E+001
 -0.39310345E+001  0.29310345E+001  0.18188194E+001
 -0.39310345E+001  0.31724138E+001  0.18290041E+001
 -0.39310345E+001  0.34137931E+001  0.18392573E+001
 -0.39310345E+001  0.36551724E+001  0.18496526E+001
 -0.39310345E+001  0.38965517E+001  0.18602363E+001
 -0.39310345E+001  0.41379310E+001  0.18710402E+001
 -0.39310345E+001  0.43793103E+001  0.18820880E+001
 -0.39310345E+001  0.46206897E+001  0.18933996E+001
 -0.39310345E+001  0.48620690E+001  0.19049924E+001
 -0.39310345E+001  0.51034483E+001  0.19168834E+001
 -0.39310345E+001  0.53448276E+001  0.19290895E+001
 -0.39310345E+001  0.55862069E+001  0.19416282E+001
 -0.39310345E+001  0.58275862E+001  0.19545179E+001
 -0.39310345E+001  0.60689655E+001  0.19677781E+001
 -0.39310345E+001  0.63103448E+001  0.19814299E+001
 -0.39310345E+001  0.65517241E+001  0.19954960E+001
 -0.39310345E+001  0.67931034E+001  0.20100010E+001
 -0.39310345E+001  0.70344828E+001  0.20249716E+001
 -0.39310345E+001  0.72758621E+001  0.20404369E+001
 -0.39310345E+001  0.75172414E+001  0.20564289E+001
 -0.39310345E+001  0.77586207E+001  0.20729822E+001
 -0.39310345E+001  0.80000000E+001  0.20901352E+001
 
 -0.35172414E+001  0.10000000E+001  0.10213354E+001
 -0.35172414E+001  0.12413793E+001  0.12627145E+001
 -0.35172414E+001  0.14827586E+001  0.15040937E+001
 -0.35172414E+001  0.17241379E+001  0.17394907E+001
 -0.35172414E+001  0.19655172E+001  0.17821650E+001
 -0.35172414E+001  0.22068966E+001  0.17968681E+001
 -0.35172414E+001  0.24482759E+001  0.18086493E+001
 -0.35172414E+001  0.26896552E+001  0.18194950E+001
 -0.35172414E+001  0.29310345E+001  0.18300138E+001
 -0.35172414E+001  0.31724138E+001  0.18404690E+001
 -0.35172414E+001  0.34137931E+001  0.18509960E+001
 -0.35172414E+001  0.36551724E+001  0.18616724E+001
 -0.35172414E+001  0.38965517E+001  0.18725471E+001
 -0.35172414E+001  0.41379310E+001  0.18836538E+001
 -0.35172414E+001  0.43793103E+001  0.18950178E+001
 -0.35172414E+001  0.46206897E+001  0.19066602E+001
 -0.35172414E+001  0.48620690E+001  0.19186001E+001
 -0.35172414E+001  0.51034483E+001  0.19308555E+001
 -0.35172414E+001  0.53448276E+001  0.19434450E+001
 -0.35172414E+001  0.55862069E+001  0.19563874E+001
 -0.35172414E+001  0.58275862E+001  0.19697028E+001
 -0.35172414E+001  0.60689655E+001  0.19834128E+001
 -0.35172414E+001  0.63103448E+001  0.19975403E+001
 -0.35172414E+001  0.65517241E+001  0.20121102E+001
 -0.35172414E+001  0.67931034E+001  0.20271498E+001
 -0.35172414E+001  0.70344828E+001  0.20426884E+001
 -0.35172414E+001  0.72758621E+001  0.20587583E+001
 -0.35172414E+001  0.75172414E+001  0.20753949E+001
 -0.35172414E+001  0.77586207E+001  0.20926369E+001
 -0.35172414E+001  0.80000000E+001  0.21105270E+001
 
 -0.31034483E+001  0.10000000E+001  0.10213352E+001
 -0.31034483E+001  0.12413793E+001  0.12627144E+001
 -0.31034483E+001  0.14827586E+001  0.15040937E+001
 -0.31034483E+001  0.17241379E+001  0.17423361E+001
 -0.31034483E+001  0.19655172E+001  0.17920630E+001
 -0.31034483E+001  0.22068966E+001  0.18073796E+001
 -0.31034483E+001  0.24482759E+001  0.18195309E+001
 -0.31034483E+001  0.26896552E+001  0.18306852E+001
 -0.31034483E+001  0.29310345E+001  0.18414928E+001
 -0.31034483E+001  0.31724138E+001  0.18522328E+001
 -0.31034483E+001  0.34137931E+001  0.18630479E+001
 -0.31034483E+001  0.36551724E+001  0.18740203E+001
 -0.31034483E+001  0.38965517E+001  0.18852018E+001
 -0.31034483E+001  0.41379310E+001  0.18966279E+001
 -0.31034483E+001  0.43793103E+001  0.19083258E+001
 -0.31034483E+001  0.46206897E+001  0.19203181E+001
 -0.31034483E+001  0.48620690E+001  0.19326252E+001
 -0.31034483E+001  0.51034483E+001  0.19452670E+001
 -0.31034483E+001  0.53448276E+001  0.19582634E+001
 -0.31034483E+001  0.55862069E+001  0.19716350E+001
 -0.31034483E+001  0.58275862E+001  0.19854038E+001
 -0.31034483E+001  0.60689655E+001  0.19995933E+001
 -0.31034483E+001  0.63103448E+001  0.20142289E+001
 -0.31034483E+001  0.65517241E+001  0.20293380E+001
 -0.31034483E+001  0.67931034E+001  0.20449506E+001
 -0.31034483E+001  0.70344828E+001  0.20610993E+001
 -0.31034483E+001  0.72758621E+001  0.20778200E+001
 -0.31034483E+001  0.75172414E+001  0.20951519E+001
 -0.31034483E+001  0.77586207E+001  0.21131383E+001
 -0.31034483E+001  0.80000000E+001  0.21318270E+001
 
 -0.26896552E+001  0.10000000E+001  0.10213351E+001
 -0.26896552E+001  0.12413793E+001  0.12627144E+001
 -0.26896552E+001  0.14827586E+001  0.15040937E+001
 -0.26896552E+001  0.17241379E+001  0.17440089E+001
 -0.26896552E+001  0.19655172E+001  0.18021477E+001
 -0.26896552E+001  0.22068966E+001  0.18181331E+001
 -0.26896552E+001  0.24482759E+001  0.18306781E+001
 -0.26896552E+001  0.26896552E+001  0.18421585E+001
 -0.26896552E+001  0.29310345E+001  0.18532706E+001
 -0.26896552E+001  0.31724138E+001  0.18643105E+001
 -0.26896552E+001  0.34137931E+001  0.18754294E+001
 -0.26896552E+001  0.36551724E+001  0.18867140E+001
 -0.26896552E+001  0.38965517E+001  0.18982190E+001
 -0.26896552E+001  0.41379310E+001  0.19099826E+001
 -0.26896552E+001  0.43793103E+001  0.19220336E+001
 -0.26896552E+001  0.46206897E+001  0.19343964E+001
 -0.26896552E+001  0.48620690E+001  0.19470931E+001
 -0.26896552E+001  0.51034483E+001  0.19601450E+001
 -0.26896552E+001  0.53448276E+001  0.19735740E+001
 -0.26896552E+001  0.55862069E+001  0.19874027E+001
 -0.26896552E+001  0.58275862E+001  0.20016550E+001
 -0.26896552E+001  0.60689655E+001  0.20163570E+001
 -0.26896552E+001  0.63103448E+001  0.20315364E+001
 -0.26896552E+001  0.65517241E+001  0.20472237E+001
 -0.26896552E+001  0.67931034E+001  0.20634519E+001
 -0.26896552E+001  0.70344828E+001  0.20802575E+001
 -0.26896552E+001  0.72758621E+001  0.20976802E+001
 -0.26896552E+001  0.75172414E+001  0.21157639E+001
 -0.26896552E+001  0.77586207E+001  0.21345571E+001
 -0.26896552E+001  0.80000000E+001  0.21541134E+001
 
 -0.22758621E+001  0.10000000E+001  0.10213350E+001
 -0.22758621E+001  0.12413793E+001  0.12627143E+001
 -0.22758621E+001  0.14827586E+001  0.15040937E+001
 -0.22758621E+001  0.17241379E+001  0.17448464E+001
 -0.22758621E+001  0.19655172E+001  0.18124213E+001
 -0.22758621E+001  0.22068966E+001  0.18291386E+001
 -0.22758621E+001  0.24482759E+001  0.18421033E+001
 -0.22758621E+001  0.26896552E+001  0.18539289E+001
 -0.22758621E+001  0.29310345E+001  0.18653624E+001
 -0.22758621E+001  0.31724138E+001  0.18767188E+001
 -0.22758621E+001  0.34137931E+001  0.18881580E+001
 -0.22758621E+001  0.36551724E+001  0.18997722E+001
 -0.22758621E+001  0.38965517E+001  0.19116193E+001
 -0.22758621E+001  0.41379310E+001  0.19237399E+001
 -0.22758621E+001  0.43793103E+001  0.19361649E+001
 -0.22758621E+001  0.46206897E+001  0.19489206E+001
 -0.22758621E+001  0.48620690E+001  0.19620308E+001
 -0.22758621E+001  0.51034483E+001  0.19755190E+001
 -0.22758621E+001  0.53448276E+001  0.19894088E+001
 -0.22758621E+001  0.55862069E+001  0.20037251E+001
 -0.22758621E+001  0.58275862E+001  0.20184943E+001
 -0.22758621E+001  0.60689655E+001  0.20337449E+001
 -0.22758621E+001  0.63103448E+001  0.20495076E+001
 -0.22758621E+001  0.65517241E+001  0.20658162E+001
 -0.22758621E+001  0.67931034E+001  0.20827075E+001
 -0.22758621E+001  0.70344828E+001  0.21002219E+001
 -0.22758621E+001  0.72758621E+001  0.21184040E+001
 -0.22758621E+001  0.75172414E+001  0.21373028E+001
 -0.22758621E+001  0.77586207E+001  0.21569728E+001
 -0.22758621E+001  0.80000000E+001  0.21774742E+001
 
 -0.18620690E+001  0.10000000E+001  0.10213350E+001
 -0.18620690E+001  0.12413793E+001  0.12627143E+001
 -0.18620690E+001  0.14827586E+001  0.15040937E+001
 -0.18620690E+001  0.17241379E+001  0.17452186E+001
 -0.18620690E+001  0.19655172E+001  0.18228844E+001
 -0.18620690E+001  0.22068966E+001  0.18404068E+001
 -0.18620690E+001  0.24482759E+001  0.18538198E+001
 -0.18620690E+001  0.26896552E+001  0.18660111E+001
 -0.18620690E+001  0.29310345E+001  0.18777844E+001
 -0.18620690E+001  0.31724138E+001  0.18894751E+001
 -0.18620690E+001  0.34137931E+001  0.19012529E+001
 -0.18620690E+001  0.36551724E+001  0.19132155E+001
 -0.18620690E+001  0.38965517E+001  0.19254246E+001
 -0.18620690E+001  0.41379310E+001  0.19379234E+001
 -0.18620690E+001  0.43793103E+001  0.19507452E+001
 -0.18620690E+001  0.46206897E+001  0.19639182E+001
 -0.18620690E+001  0.48620690E+001  0.19774685E+001
 -0.18620690E+001  0.51034483E+001  0.19914214E+001
 -0.18620690E+001  0.53448276E+001  0.20058031E+001
 -0.18620690E+001  0.55862069E+001  0.20206406E+001
 -0.18620690E+001  0.58275862E+001  0.20359632E+001
 -0.18620690E+001  0.60689655E+001  0.20518023E+001
 -0.18620690E+001  0.63103448E+001  0.20681922E+001
 -0.18620690E+001  0.65517241E+001  0.20851701E+001
 -0.18620690E+001  0.67931034E+001  0.21027772E+001
 -0.18620690E+001  0.70344828E+001  0.21210586E+001
 -0.18620690E+001  0.72758621E+001  0.21400642E+001
 -0.18620690E+001  0.75172414E+001  0.21598491E+001
 -0.18620690E+001  0.77586207E+001  0.21804747E+001
 -0.18620690E+001  0.80000000E+001  0.22020090E+001
 
 -0.14482759E+001  0.10000000E+001  0.10213350E+001
 -0.14482759E+001  0.12413793E+001  0.12627143E+001
 -0.14482759E+001  0.14827586E+001  0.15040937E+001
 -0.14482759E+001  0.17241379E+001  0.17453725E+001
 -0.14482759E+001  0.19655172E+001  0.18335363E+001
 -0.14482759E+001  0.22068966E+001  0.18519486E+001
 -0.14482759E+001  0.24482759E+001  0.18658416E+001
 -0.14482759E+001  0.26896552E+001  0.18784212E+001
 -0.14482759E+001  0.29310345E+001  0.18905543E+001
 -0.14482759E+001  0.31724138E+001  0.19025985E+001
 -0.14482759E+001  0.34137931E+001  0.19147347E+001
 -0.14482759E+001  0.36551724E+001  0.19270662E+001
 -0.14482759E+001  0.38965517E+001  0.19396589E+001
 -0.14482759E+001  0.41379310E+001  0.19525591E+001
 -0.14482759E+001  0.43793103E+001  0.19658024E+001
 -0.14482759E+001  0.46206897E+001  0.19794196E+001
 -0.14482759E+001  0.48620690E+001  0.19934387E+001
 -0.14482759E+001  0.51034483E+001  0.20078878E+001
 -0.14482759E+001  0.53448276E+001  0.20227953E+001
 -0.14482759E+001  0.55862069E+001  0.20381912E+001
 -0.14482759E+001  0.58275862E+001  0.20541077E+001
 -0.14482759E+001  0.60689655E+001  0.20705798E+001
 -0.14482759E+001  0.63103448E+001  0.20876453E+001
 -0.14482759E+001  0.65517241E+001  0.21053461E+001
 -0.14482759E+001  0.67931034E+001  0.21237279E+001
 -0.14482759E+001  0.70344828E+001  0.21428414E+001
 -0.14482759E+001  0.72758621E+001  0.21627426E+001
 -0.14482759E+001  0.75172414E+001  0.21834936E+001
 -0.14482759E+001  0.77586207E+001  0.22051637E+001
 -0.14482759E+001  0.80000000E+001  0.22278299E+001
 
 -0.10344828E+001  0.10000000E+001  0.10213350E+001
 -0.10344828E+001  0.12413793E+001  0.12627143E+001
 -0.10344828E+001  0.14827586E+001  0.15040937E+001
 -0.10344828E+001  0.17241379E+001  0.17454338E+001
 -0.10344828E+001  0.19655172E+001  0.18443739E+001
 -0.10344828E+001  0.22068966E+001  0.18637756E+001
 -0.10344828E+001  0.24482759E+001  0.18781838E+001
 -0.10344828E+001  0.26896552E+001  0.18911764E+001
 -0.10344828E+001  0.29310345E+001  0.19036908E+001
 -0.10344828E+001  0.31724138E+001  0.19161098E+001
 -0.10344828E+001  0.34137931E+001  0.19286256E+001
 -0.10344828E+001  0.36551724E+001  0.19413484E+001
 -0.10344828E+001  0.38965517E+001  0.19543484E+001
 -0.10344828E+001  0.41379310E+001  0.19676751E+001
 -0.10344828E+001  0.43793103E+001  0.19813672E+001
 -0.10344828E+001  0.46206897E+001  0.19954577E+001
 -0.10344828E+001  0.48620690E+001  0.20099776E+001
 -0.10344828E+001  0.51034483E+001  0.20249572E+001
 -0.10344828E+001  0.53448276E+001  0.20404281E+001
 -0.10344828E+001  0.55862069E+001  0.20564234E+001
 -0.10344828E+001  0.58275862E+001  0.20729788E+001
 -0.10344828E+001  0.60689655E+001  0.20901331E+001
 -0.10344828E+001  0.63103448E+001  0.21079286E+001
 -0.10344828E+001  0.65517241E+001  0.21264120E+001
 -0.10344828E+001  0.67931034E+001  0.21456346E+001
 -0.10344828E+001  0.70344828E+001  0.21656533E+001
 -0.10344828E+001  0.72758621E+001  0.21865313E+001
 -0.10344828E+001  0.75172414E+001  0.22083388E+001
 -0.10344828E+001  0.77586207E+001  0.22311541E+001
 -0.10344828E+001  0.80000000E+001  0.22550644E+001
 
 -0.62068966E+000  0.10000000E+001  0.10213350E+001
 -0.62068966E+000  0.12413793E+001  0.12627143E+001
 -0.62068966E+000  0.14827586E+001  0.15040937E+001
 -0.62068966E+000  0.17241379E+001  0.17454578E+001
 -0.62068966E+000  0.19655172E+001  0.18553910E+001
 -0.62068966E+000  0.22068966E+001  0.18759000E+001
 -0.62068966E+000  0.24482759E+001  0.18908625E+001
 -0.62068966E+000  0.26896552E+001  0.19042951E+001
 -0.62068966E+000  0.29310345E+001  0.19172147E+001
 -0.62068966E+000  0.31724138E+001  0.19300312E+001
 -0.62068966E+000  0.34137931E+001  0.19429499E+001
 -0.62068966E+000  0.36551724E+001  0.19560883E+001
 -0.62068966E+000  0.38965517E+001  0.19695214E+001
 -0.62068966E+000  0.41379310E+001  0.19833024E+001
 -0.62068966E+000  0.43793103E+001  0.19974729E+001
 -0.62068966E+000  0.46206897E+001  0.20120690E+001
 -0.62068966E+000  0.48620690E+001  0.20271245E+001
 -0.62068966E+000  0.51034483E+001  0.20426729E+001
 -0.62068966E+000  0.53448276E+001  0.20587488E+001
 -0.62068966E+000  0.55862069E+001  0.20753890E+001
 -0.62068966E+000  0.58275862E+001  0.20926333E+001
 -0.62068966E+000  0.60689655E+001  0.21105248E+001
 -0.62068966E+000  0.63103448E+001  0.21291109E+001
 -0.62068966E+000  0.65517241E+001  0.21484438E+001
 -0.62068966E+000  0.67931034E+001  0.21685814E+001
 -0.62068966E+000  0.70344828E+001  0.21895879E+001
 -0.62068966E+000  0.72758621E+001  0.22115344E+001
 -0.62068966E+000  0.75172414E+001  0.22345006E+001
 -0.62068966E+000  0.77586207E+001  0.22585750E+001
 -0.62068966E+000  0.80000000E+001  0.22838569E+001
 
 -0.20689655E+000  0.10000000E+001  0.10213350E+001
 -0.20689655E+000  0.12413793E+001  0.12627143E+001
 -0.20689655E+000  0.14827586E+001  0.15040937E+001
 -0.20689655E+000  0.17241379E+001  0.17454671E+001
 -0.20689655E+000  0.19655172E+001  0.18665769E+001
 -0.20689655E+000  0.22068966E+001  0.18883342E+001
 -0.20689655E+000  0.24482759E+001  0.19038949E+001
 -0.20689655E+000  0.26896552E+001  0.19177973E+001
 -0.20689655E+000  0.29310345E+001  0.19311478E+001
 -0.20689655E+000  0.31724138E+001  0.19443870E+001
 -0.20689655E+000  0.34137931E+001  0.19577341E+001
 -0.20689655E+000  0.36551724E+001  0.19713147E+001
 -0.20689655E+000  0.38965517E+001  0.19852092E+001
 -0.20689655E+000  0.41379310E+001  0.19994747E+001
 -0.20689655E+000  0.43793103E+001  0.20141564E+001
 -0.20689655E+000  0.46206897E+001  0.20292936E+001
 -0.20689655E+000  0.48620690E+001  0.20449233E+001
 -0.20689655E+000  0.51034483E+001  0.20610825E+001
 -0.20689655E+000  0.53448276E+001  0.20778096E+001
 -0.20689655E+000  0.55862069E+001  0.20951455E+001
 -0.20689655E+000  0.58275862E+001  0.21131343E+001
 -0.20689655E+000  0.60689655E+001  0.21318245E+001
 -0.20689655E+000  0.63103448E+001  0.21512692E+001
 -0.20689655E+000  0.65517241E+001  0.21715271E+001
 -0.20689655E+000  0.67931034E+001  0.21926635E+001
 -0.20689655E+000  0.70344828E+001  0.22147507E+001
 -0.20689655E+000  0.72758621E+001  0.22378696E+001
 -0.20689655E+000  0.75172414E+001  0.22621103E+001
 -0.20689655E+000  0.77586207E+001  0.22875734E+001
 -0.20689655E+000  0.80000000E+001  0.23143713E+001
 
  0.20689655E+000  0.10000000E+001  0.10213350E+001
  0.20689655E+000  0.12413793E+001  0.12627143E+001
  0.20689655E+000  0.14827586E+001  0.15040937E+001
  0.20689655E+000  0.17241379E+001  0.17454707E+001
  0.20689655E+000  0.19655172E+001  0.18779149E+001
  0.20689655E+000  0.22068966E+001  0.19010913E+001
  0.20689655E+000  0.24482759E+001  0.19172995E+001
  0.20689655E+000  0.26896552E+001  0.19317045E+001
  0.20689655E+000  0.29310345E+001  0.19455144E+001
  0.20689655E+000  0.31724138E+001  0.19592036E+001
  0.20689655E+000  0.34137931E+001  0.19730070E+001
  0.20689655E+000  0.36551724E+001  0.19870589E+001
  0.20689655E+000  0.38965517E+001  0.20014458E+001
  0.20689655E+000  0.41379310E+001  0.20162291E+001
  0.20689655E+000  0.43793103E+001  0.20314581E+001
  0.20689655E+000  0.46206897E+001  0.20471755E+001
  0.20689655E+000  0.48620690E+001  0.20634223E+001
  0.20689655E+000  0.51034483E+001  0.20802392E+001
  0.20689655E+000  0.53448276E+001  0.20976688E+001
  0.20689655E+000  0.55862069E+001  0.21157569E+001
  0.20689655E+000  0.58275862E+001  0.21345527E+001
  0.20689655E+000  0.60689655E+001  0.21541106E+001
  0.20689655E+000  0.63103448E+001  0.21744904E+001
  0.20689655E+000  0.65517241E+001  0.21957583E+001
  0.20689655E+000  0.67931034E+001  0.22179879E+001
  0.20689655E+000  0.70344828E+001  0.22412615E+001
  0.20689655E+000  0.72758621E+001  0.22656704E+001
  0.20689655E+000  0.75172414E+001  0.22913171E+001
  0.20689655E+000  0.77586207E+001  0.23183157E+001
  0.20689655E+000  0.80000000E+001  0.23467934E+001
 
  0.62068966E+000  0.10000000E+001  0.10213350E+001
  0.62068966E+000  0.12413793E+001  0.12627143E+001
  0.62068966E+000  0.14827586E+001  0.15040937E+001
  0.62068966E+000  0.17241379E+001  0.17454721E+001
  0.62068966E+000  0.19655172E+001  0.18893794E+001
  0.62068966E+000  0.22068966E+001  0.19141847E+001
  0.62068966E+000  0.24482759E+001  0.19310960E+001
  0.62068966E+000  0.26896552E+001  0.19460400E+001
  0.62068966E+000  0.29310345E+001  0.19603405E+001
  0.62068966E+000  0.31724138E+001  0.19745098E+001
  0.62068966E+000  0.34137931E+001  0.19888000E+001
  0.62068966E+000  0.36551724E+001  0.20033554E+001
  0.62068966E+000  0.38965517E+001  0.20182687E+001
  0.62068966E+000  0.41379310E+001  0.20336067E+001
  0.62068966E+000  0.43793103E+001  0.20494227E+001
  0.62068966E+000  0.46206897E+001  0.20657639E+001
  0.62068966E+000  0.48620690E+001  0.20826752E+001
  0.62068966E+000  0.51034483E+001  0.21002019E+001
  0.62068966E+000  0.53448276E+001  0.21183915E+001
  0.62068966E+000  0.55862069E+001  0.21372951E+001
  0.62068966E+000  0.58275862E+001  0.21569679E+001
  0.62068966E+000  0.60689655E+001  0.21774712E+001
  0.62068966E+000  0.63103448E+001  0.21988723E+001
  0.62068966E+000  0.65517241E+001  0.22212462E+001
  0.62068966E+000  0.67931034E+001  0.22446763E+001
  0.62068966E+000  0.70344828E+001  0.22692557E+001
  0.62068966E+000  0.72758621E+001  0.22950883E+001
  0.62068966E+000  0.75172414E+001  0.23222901E+001
  0.62068966E+000  0.77586207E+001  0.23509904E+001
  0.62068966E+000  0.80000000E+001  0.23813323E+001
 
  0.10344828E+001  0.10000000E+001  0.10213350E+001
  0.10344828E+001  0.12413793E+001  0.12627143E+001
  0.10344828E+001  0.14827586E+001  0.15040937E+001
  0.10344828E+001  0.17241379E+001  0.17454726E+001
  0.10344828E+001  0.19655172E+001  0.19009324E+001
  0.10344828E+001  0.22068966E+001  0.19276279E+001
  0.10344828E+001  0.24482759E+001  0.19453056E+001
  0.10344828E+001  0.26896552E+001  0.19608290E+001
  0.10344828E+001  0.29310345E+001  0.19756545E+001
  0.10344828E+001  0.31724138E+001  0.19903369E+001
  0.10344828E+001  0.34137931E+001  0.20051477E+001
  0.10344828E+001  0.36551724E+001  0.20202418E+001
  0.10344828E+001  0.38965517E+001  0.20357194E+001
  0.10344828E+001  0.41379310E+001  0.20516526E+001
  0.10344828E+001  0.43793103E+001  0.20681000E+001
  0.10344828E+001  0.46206897E+001  0.20851132E+001
  0.10344828E+001  0.48620690E+001  0.21027419E+001
  0.10344828E+001  0.51034483E+001  0.21210367E+001
  0.10344828E+001  0.53448276E+001  0.21400505E+001
  0.10344828E+001  0.55862069E+001  0.21598406E+001
  0.10344828E+001  0.58275862E+001  0.21804693E+001
  0.10344828E+001  0.60689655E+001  0.22020056E+001
  0.10344828E+001  0.63103448E+001  0.22245256E+001
  0.10344828E+001  0.65517241E+001  0.22481143E+001
  0.10344828E+001  0.67931034E+001  0.22728664E+001
  0.10344828E+001  0.70344828E+001  0.22988873E+001
  0.10344828E+001  0.72758621E+001  0.23262951E+001
  0.10344828E+001  0.75172414E+001  0.23552208E+001
  0.10344828E+001  0.77586207E+001  0.23858098E+001
  0.10344828E+001  0.80000000E+001  0.24182221E+001
 
  0.14482759E+001  0.10000000E+001  0.10213350E+001
  0.14482759E+001  0.12413793E+001  0.12627143E+001
  0.14482759E+001  0.14827586E+001  0.15040937E+001
  0.14482759E+001  0.17241379E+001  0.17454728E+001
  0.14482759E+001  0.19655172E+001  0.19125175E+001
  0.14482759E+001  0.22068966E+001  0.19414345E+001
  0.14482759E+001  0.24482759E+001  0.19599510E+001
  0.14482759E+001  0.26896552E+001  0.19760988E+001
  0.14482759E+001  0.29310345E+001  0.19914875E+001
  0.14482759E+001  0.31724138E+001  0.20067196E+001
  0.14482759E+001  0.34137931E+001  0.20220881E+001
  0.14482759E+001  0.36551724E+001  0.20377599E+001
  0.14482759E+001  0.38965517E+001  0.20538434E+001
  0.14482759E+001  0.41379310E+001  0.20704171E+001
  0.14482759E+001  0.43793103E+001  0.20875449E+001
  0.14482759E+001  0.46206897E+001  0.21052838E+001
  0.14482759E+001  0.48620690E+001  0.21236892E+001
  0.14482759E+001  0.51034483E+001  0.21428173E+001
  0.14482759E+001  0.53448276E+001  0.21627275E+001
  0.14482759E+001  0.55862069E+001  0.21834842E+001
  0.14482759E+001  0.58275862E+001  0.22051578E+001
  0.14482759E+001  0.60689655E+001  0.22278261E+001
  0.14482759E+001  0.63103448E+001  0.22515756E+001
  0.14482759E+001  0.65517241E+001  0.22765026E+001
  0.14482759E+001  0.67931034E+001  0.23027144E+001
  0.14482759E+001  0.70344828E+001  0.23303308E+001
  0.14482759E+001  0.72758621E+001  0.23594850E+001
  0.14482759E+001  0.75172414E+001  0.23903245E+001
  0.14482759E+001  0.77586207E+001  0.24230111E+001
  0.14482759E+001  0.80000000E+001  0.24577203E+001
 
  0.18620690E+001  0.10000000E+001  0.10213350E+001
  0.18620690E+001  0.12413793E+001  0.12627143E+001
  0.18620690E+001  0.14827586E+001  0.15040937E+001
  0.18620690E+001  0.17241379E+001  0.17454729E+001
  0.18620690E+001  0.19655172E+001  0.19240509E+001
  0.18620690E+001  0.22068966E+001  0.19556182E+001
  0.18620690E+001  0.24482759E+001  0.19750565E+001
  0.18620690E+001  0.26896552E+001  0.19918791E+001
  0.18620690E+001  0.29310345E+001  0.20078733E+001
  0.18620690E+001  0.31724138E+001  0.20236956E+001
  0.18620690E+001  0.34137931E+001  0.20396628E+001
  0.18620690E+001  0.36551724E+001  0.20559557E+001
  0.18620690E+001  0.38965517E+001  0.20726914E+001
  0.18620690E+001  0.41379310E+001  0.20899557E+001
  0.18620690E+001  0.43793103E+001  0.21078188E+001
  0.18620690E+001  0.46206897E+001  0.21263437E+001
  0.18620690E+001  0.48620690E+001  0.21455920E+001
  0.18620690E+001  0.51034483E+001  0.21656266E+001
  0.18620690E+001  0.53448276E+001  0.21865146E+001
  0.18620690E+001  0.55862069E+001  0.22083283E+001
  0.18620690E+001  0.58275862E+001  0.22311474E+001
  0.18620690E+001  0.60689655E+001  0.22550601E+001
  0.18620690E+001  0.63103448E+001  0.22801645E+001
  0.18620690E+001  0.65517241E+001  0.23065698E+001
  0.18620690E+001  0.67931034E+001  0.23343977E+001
  0.18620690E+001  0.70344828E+001  0.23637835E+001
  0.18620690E+001  0.72758621E+001  0.23948767E+001
  0.18620690E+001  0.75172414E+001  0.24278414E+001
  0.18620690E+001  0.77586207E+001  0.24628545E+001
  0.18620690E+001  0.80000000E+001  0.25001033E+001
 
  0.22758621E+001  0.10000000E+001  0.10213350E+001
  0.22758621E+001  0.12413793E+001  0.12627143E+001
  0.22758621E+001  0.14827586E+001  0.15040937E+001
  0.22758621E+001  0.17241379E+001  0.17454729E+001
  0.22758621E+001  0.19655172E+001  0.19354084E+001
  0.22758621E+001  0.22068966E+001  0.19701918E+001
  0.22758621E+001  0.24482759E+001  0.19906483E+001
  0.22758621E+001  0.26896552E+001  0.20082024E+001
  0.22758621E+001  0.29310345E+001  0.20248491E+001
  0.22758621E+001  0.31724138E+001  0.20413064E+001
  0.22758621E+001  0.34137931E+001  0.20579182E+001
  0.22758621E+001  0.36551724E+001  0.20748802E+001
  0.22758621E+001  0.38965517E+001  0.20923198E+001
  0.22758621E+001  0.41379310E+001  0.21103307E+001
  0.22758621E+001  0.43793103E+001  0.21289903E+001
  0.22758621E+001  0.46206897E+001  0.21483686E+001
  0.22758621E+001  0.48620690E+001  0.21685344E+001
  0.22758621E+001  0.51034483E+001  0.21895583E+001
  0.22758621E+001  0.53448276E+001  0.22115157E+001
  0.22758621E+001  0.55862069E+001  0.22344887E+001
  0.22758621E+001  0.58275862E+001  0.22585675E+001
  0.22758621E+001  0.60689655E+001  0.22838521E+001
  0.22758621E+001  0.63103448E+001  0.23104537E+001
  0.22758621E+001  0.65517241E+001  0.23384961E+001
  0.22758621E+001  0.67931034E+001  0.23681166E+001
  0.22758621E+001  0.70344828E+001  0.23994670E+001
  0.22758621E+001  0.72758621E+001  0.24327133E+001
  0.22758621E+001  0.75172414E+001  0.24680343E+001
  0.22758621E+001  0.77586207E+001  0.25056180E+001
  0.22758621E+001  0.80000000E+001  0.25456544E+001
 
  0.26896552E+001  0.10000000E+001  0.10213350E+001
  0.26896552E+001  0.12413793E+001  0.12627143E+001
  0.26896552E+001  0.14827586E+001  0.15040937E+001
  0.26896552E+001  0.17241379E+001  0.17454730E+001
  0.26896552E+001  0.19655172E+001  0.19464041E+001
  0.26896552E+001  0.22068966E+001  0.19851669E+001
  0.26896552E+001  0.24482759E+001  0.20067540E+001
  0.26896552E+001  0.26896552E+001  0.20251037E+001
  0.26896552E+001  0.29310345E+001  0.20424557E+001
  0.26896552E+001  0.31724138E+001  0.20595982E+001
  0.26896552E+001  0.34137931E+001  0.20769054E+001
  0.26896552E+001  0.36551724E+001  0.20945901E+001
  0.26896552E+001  0.38965517E+001  0.21127911E+001
  0.26896552E+001  0.41379310E+001  0.21316114E+001
  0.26896552E+001  0.43793103E+001  0.21511363E+001
  0.26896552E+001  0.46206897E+001  0.21714439E+001
  0.26896552E+001  0.48620690E+001  0.21926112E+001
  0.26896552E+001  0.51034483E+001  0.22147177E+001
  0.26896552E+001  0.53448276E+001  0.22378487E+001
  0.26896552E+001  0.55862069E+001  0.22620970E+001
  0.26896552E+001  0.58275862E+001  0.22875649E+001
  0.26896552E+001  0.60689655E+001  0.23143659E+001
  0.26896552E+001  0.63103448E+001  0.23426259E+001
  0.26896552E+001  0.65517241E+001  0.23724845E+001
  0.26896552E+001  0.67931034E+001  0.24040956E+001
  0.26896552E+001  0.70344828E+001  0.24376273E+001
  0.26896552E+001  0.72758621E+001  0.24732601E+001
  0.26896552E+001  0.75172414E+001  0.25111828E+001
  0.26896552E+001  0.77586207E+001  0.25515848E+001
  0.26896552E+001  0.80000000E+001  0.25946433E+001
 
  0.31034483E+001  0.10000000E+001  0.10213350E+001
  0.31034483E+001  0.12413793E+001  0.12627143E+001
  0.31034483E+001  0.14827586E+001  0.15040937E+001
  0.31034483E+001  0.17241379E+001  0.17454730E+001
  0.31034483E+001  0.19655172E+001  0.19567623E+001
  0.31034483E+001  0.22068966E+001  0.20005536E+001
  0.31034483E+001  0.24482759E+001  0.20234036E+001
  0.31034483E+001  0.26896552E+001  0.20426217E+001
  0.31034483E+001  0.29310345E+001  0.20607380E+001
  0.31034483E+001  0.31724138E+001  0.20786216E+001
  0.31034483E+001  0.34137931E+001  0.20966811E+001
  0.31034483E+001  0.36551724E+001  0.21151485E+001
  0.31034483E+001  0.38965517E+001  0.21341756E+001
  0.31034483E+001  0.41379310E+001  0.21538757E+001
  0.31034483E+001  0.43793103E+001  0.21743433E+001
  0.31034483E+001  0.46206897E+001  0.21956658E+001
  0.31034483E+001  0.48620690E+001  0.22179296E+001
  0.31034483E+001  0.51034483E+001  0.22412245E+001
  0.31034483E+001  0.53448276E+001  0.22656469E+001
  0.31034483E+001  0.55862069E+001  0.22913020E+001
  0.31034483E+001  0.58275862E+001  0.23183060E+001
  0.31034483E+001  0.60689655E+001  0.23467871E+001
  0.31034483E+001  0.63103448E+001  0.23768874E+001
  0.31034483E+001  0.65517241E+001  0.24087629E+001
  0.31034483E+001  0.67931034E+001  0.24425839E+001
  0.31034483E+001  0.70344828E+001  0.24785324E+001
  0.31034483E+001  0.72758621E+001  0.25167980E+001
  0.31034483E+001  0.75172414E+001  0.25575692E+001
  0.31034483E+001  0.77586207E+001  0.26010203E+001
  0.31034483E+001  0.80000000E+001  0.26472902E+001
 
  0.35172414E+001  0.10000000E+001  0.10213350E+001
  0.35172414E+001  0.12413793E+001  0.12627143E+001
  0.35172414E+001  0.14827586E+001  0.15040937E+001
  0.35172414E+001  0.17241379E+001  0.17454730E+001
  0.35172414E+001  0.19655172E+001  0.19660884E+001
  0.35172414E+001  0.22068966E+001  0.20163583E+001
  0.35172414E+001  0.24482759E+001  0.20406286E+001
  0.35172414E+001  0.26896552E+001  0.20607981E+001
  0.35172414E+001  0.29310345E+001  0.20797455E+001
  0.35172414E+001  0.31724138E+001  0.20984330E+001
  0.35172414E+001  0.34137931E+001  0.21173086E+001
  0.35172414E+001  0.36551724E+001  0.21366260E+001
  0.35172414E+001  0.38965517E+001  0.21565518E+001
  0.35172414E+001  0.41379310E+001  0.21772110E+001
  0.35172414E+001  0.43793103E+001  0.21987088E+001
  0.35172414E+001  0.46206897E+001  0.22211430E+001
  0.35172414E+001  0.48620690E+001  0.22446108E+001
  0.35172414E+001  0.51034483E+001  0.22692140E+001
  0.35172414E+001  0.53448276E+001  0.22950616E+001
  0.35172414E+001  0.55862069E+001  0.23222729E+001
  0.35172414E+001  0.58275862E+001  0.23509792E+001
  0.35172414E+001  0.60689655E+001  0.23813250E+001
  0.35172414E+001  0.63103448E+001  0.24134690E+001
  0.35172414E+001  0.65517241E+001  0.24475833E+001
  0.35172414E+001  0.67931034E+001  0.24838516E+001
  0.35172414E+001  0.70344828E+001  0.25224641E+001
  0.35172414E+001  0.72758621E+001  0.25636083E+001
  0.35172414E+001  0.75172414E+001  0.26074547E+001
  0.35172414E+001  0.77586207E+001  0.26541356E+001
  0.35172414E+001  0.80000000E+001  0.27037182E+001
 
  0.39310345E+001  0.10000000E+001  0.10213350E+001
  0.39310345E+001  0.12413793E+001  0.12627143E+001
  0.39310345E+001  0.14827586E+001  0.15040937E+001
  0.39310345E+001  0.17241379E+001  0.17454730E+001
  0.39310345E+001  0.19655172E+001  0.19738789E+001
  0.39310345E+001  0.22068966E+001  0.20325829E+001
  0.39310345E+001  0.24482759E+001  0.20584627E+001
  0.39310345E+001  0.26896552E+001  0.20796790E+001
  0.39310345E+001  0.29310345E+001  0.20995329E+001
  0.39310345E+001  0.31724138E+001  0.21190951E+001
  0.39310345E+001  0.34137931E+001  0.21388586E+001
  0.39310345E+001  0.36551724E+001  0.21591018E+001
  0.39310345E+001  0.38965517E+001  0.21800081E+001
  0.39310345E+001  0.41379310E+001  0.22017160E+001
  0.39310345E+001  0.43793103E+001  0.22243428E+001
  0.39310345E+001  0.46206897E+001  0.22479984E+001
  0.39310345E+001  0.48620690E+001  0.22727925E+001
  0.39310345E+001  0.51034483E+001  0.22988400E+001
  0.39310345E+001  0.53448276E+001  0.23262646E+001
  0.39310345E+001  0.55862069E+001  0.23552010E+001
  0.39310345E+001  0.58275862E+001  0.23857969E+001
  0.39310345E+001  0.60689655E+001  0.24182136E+001
  0.39310345E+001  0.63103448E+001  0.24526256E+001
  0.39310345E+001  0.65517241E+001  0.24892179E+001
  0.39310345E+001  0.67931034E+001  0.25281814E+001
  0.39310345E+001  0.70344828E+001  0.25697022E+001
  0.39310345E+001  0.72758621E+001  0.26139470E+001
  0.39310345E+001  0.75172414E+001  0.26610403E+001
  0.39310345E+001  0.77586207E+001  0.27110379E+001
  0.39310345E+001  0.80000000E+001  0.27638983E+001
 
  0.43448276E+001  0.10000000E+001  0.10213350E+001
  0.43448276E+001  0.12413793E+001  0.12627143E+001
  0.43448276E+001  0.14827586E+001  0.15040937E+001
  0.43448276E+001  0.17241379E+001  0.17454730E+001
  0.43448276E+001  0.19655172E+001  0.19796661E+001
  0.43448276E+001  0.22068966E+001  0.20492218E+001
  0.43448276E+001  0.24482759E+001  0.20769410E+001
  0.43448276E+001  0.26896552E+001  0.20993145E+001
  0.43448276E+001  0.29310345E+001  0.21201606E+001
  0.43448276E+001  0.31724138E+001  0.21406775E+001
  0.43448276E+001  0.34137931E+001  0.21614100E+001
  0.43448276E+001  0.36551724E+001  0.21826647E+001
  0.43448276E+001  0.38965517E+001  0.22046442E+001
  0.43448276E+001  0.41379310E+001  0.22275022E+001
  0.43448276E+001  0.43793103E+001  0.22513702E+001
  0.43448276E+001  0.46206897E+001  0.22763717E+001
  0.43448276E+001  0.48620690E+001  0.23026305E+001
  0.43448276E+001  0.51034483E+001  0.23302767E+001
  0.43448276E+001  0.53448276E+001  0.23594500E+001
  0.43448276E+001  0.55862069E+001  0.23903016E+001
  0.43448276E+001  0.58275862E+001  0.24229961E+001
  0.43448276E+001  0.60689655E+001  0.24577104E+001
  0.43448276E+001  0.63103448E+001  0.24946314E+001
  0.43448276E+001  0.65517241E+001  0.25339501E+001
  0.43448276E+001  0.67931034E+001  0.25758512E+001
  0.43448276E+001  0.70344828E+001  0.26204970E+001
  0.43448276E+001  0.72758621E+001  0.26680042E+001
  0.43448276E+001  0.75172414E+001  0.27184161E+001
  0.43448276E+001  0.77586207E+001  0.27716754E+001
  0.43448276E+001  0.80000000E+001  0.28276066E+001
 
  0.47586207E+001  0.10000000E+001  0.10213350E+001
  0.47586207E+001  0.12413793E+001  0.12627143E+001
  0.47586207E+001  0.14827586E+001  0.15040937E+001
  0.47586207E+001  0.17241379E+001  0.17454730E+001
  0.47586207E+001  0.19655172E+001  0.19833347E+001
  0.47586207E+001  0.22068966E+001  0.20662581E+001
  0.47586207E+001  0.24482759E+001  0.20961003E+001
  0.47586207E+001  0.26896552E+001  0.21197593E+001
  0.47586207E+001  0.29310345E+001  0.21416958E+001
  0.47586207E+001  0.31724138E+001  0.21632583E+001
  0.47586207E+001  0.34137931E+001  0.21850517E+001
  0.47586207E+001  0.36551724E+001  0.22074149E+001
  0.47586207E+001  0.38965517E+001  0.22305725E+001
  0.47586207E+001  0.41379310E+001  0.22546959E+001
  0.47586207E+001  0.43793103E+001  0.22799323E+001
  0.47586207E+001  0.46206897E+001  0.23064210E+001
  0.47586207E+001  0.48620690E+001  0.23343018E+001
  0.47586207E+001  0.51034483E+001  0.23637213E+001
  0.47586207E+001  0.53448276E+001  0.23948361E+001
  0.47586207E+001  0.55862069E+001  0.24278147E+001
  0.47586207E+001  0.58275862E+001  0.24628369E+001
  0.47586207E+001  0.60689655E+001  0.25000915E+001
  0.47586207E+001  0.63103448E+001  0.25397700E+001
  0.47586207E+001  0.65517241E+001  0.25820553E+001
  0.47586207E+001  0.67931034E+001  0.26271049E+001
  0.47586207E+001  0.70344828E+001  0.26750270E+001
  0.47586207E+001  0.72758621E+001  0.27258522E+001
  0.47586207E+001  0.75172414E+001  0.27795071E+001
  0.47586207E+001  0.77586207E+001  0.28357988E+001
  0.47586207E+001  0.80000000E+001  0.28944212E+001
 
  0.51724138E+001  0.10000000E+001  0.10213350E+001
  0.51724138E+001  0.12413793E+001  0.12627143E+001
  0.51724138E+001  0.14827586E+001  0.15040937E+001
  0.51724138E+001  0.17241379E+001  0.17454730E+001
  0.51724138E+001  0.19655172E+001  0.19852966E+001
  0.51724138E+001  0.22068966E+001  0.20836578E+001
  0.51724138E+001  0.24482759E+001  0.21159781E+001
  0.51724138E+001  0.26896552E+001  0.21410732E+001
  0.51724138E+001  0.29310345E+001  0.21642128E+001
  0.51724138E+001  0.31724138E+001  0.21869246E+001
  0.51724138E+001  0.34137931E+001  0.22098832E+001
  0.51724138E+001  0.36551724E+001  0.22334652E+001
  0.51724138E+001  0.38965517E+001  0.22579203E+001
  0.51724138E+001  0.41379310E+001  0.22834399E+001
  0.51724138E+001  0.43793103E+001  0.23101895E+001
  0.51724138E+001  0.46206897E+001  0.23383257E+001
  0.51724138E+001  0.48620690E+001  0.23680060E+001
  0.51724138E+001  0.51034483E+001  0.23993948E+001
  0.51724138E+001  0.53448276E+001  0.24326658E+001
  0.51724138E+001  0.55862069E+001  0.24680029E+001
  0.51724138E+001  0.58275862E+001  0.25055971E+001
  0.51724138E+001  0.60689655E+001  0.25456404E+001
  0.51724138E+001  0.63103448E+001  0.25883140E+001
  0.51724138E+001  0.65517241E+001  0.26337703E+001
  0.51724138E+001  0.67931034E+001  0.26821084E+001
  0.51724138E+001  0.70344828E+001  0.27333457E+001
  0.51724138E+001  0.72758621E+001  0.27873923E+001
  0.51724138E+001  0.75172414E+001  0.28440385E+001
  0.51724138E+001  0.77586207E+001  0.29029636E+001
  0.51724138E+001  0.80000000E+001  0.29637709E+001
 
  0.55862069E+001  0.10000000E+001  0.10213350E+001
  0.55862069E+001  0.12413793E+001  0.12627143E+001
  0.55862069E+001  0.14827586E+001  0.15040937E+001
  0.55862069E+001  0.17241379E+001  0.17454730E+001
  0.55862069E+001  0.19655172E+001  0.19862087E+001
  0.55862069E+001  0.22068966E+001  0.21013611E+001
  0.55862069E+001  0.24482759E+001  0.21366118E+001
  0.55862069E+001  0.26896552E+001  0.21633214E+001
  0.55862069E+001  0.29310345E+001  0.21877942E+001
  0.55862069E+001  0.31724138E+001  0.22117739E+001
  0.55862069E+001  0.34137931E+001  0.22360171E+001
  0.55862069E+001  0.36551724E+001  0.22609435E+001
  0.55862069E+001  0.38965517E+001  0.22868318E+001
  0.55862069E+001  0.41379310E+001  0.23138964E+001
  0.55862069E+001  0.43793103E+001  0.23423232E+001
  0.55862069E+001  0.46206897E+001  0.23722880E+001
  0.55862069E+001  0.48620690E+001  0.24039672E+001
  0.55862069E+001  0.51034483E+001  0.24375429E+001
  0.55862069E+001  0.53448276E+001  0.24732042E+001
  0.55862069E+001  0.55862069E+001  0.25111455E+001
  0.55862069E+001  0.58275862E+001  0.25515598E+001
  0.55862069E+001  0.60689655E+001  0.25946264E+001
  0.55862069E+001  0.63103448E+001  0.26404925E+001
  0.55862069E+001  0.65517241E+001  0.26892476E+001
  0.55862069E+001  0.67931034E+001  0.27408957E+001
  0.55862069E+001  0.70344828E+001  0.27953301E+001
  0.55862069E+001  0.72758621E+001  0.28523243E+001
  0.55862069E+001  0.75172414E+001  0.29115442E+001
  0.55862069E+001  0.77586207E+001  0.29725859E+001
  0.55862069E+001  0.80000000E+001  0.30350248E+001
 
  0.60000000E+001  0.10000000E+001  0.10213350E+001
  0.60000000E+001  0.12413793E+001  0.12627143E+001
  0.60000000E+001  0.14827586E+001  0.15040937E+001
  0.60000000E+001  0.17241379E+001  0.17454730E+001
  0.60000000E+001  0.19655172E+001  0.19865957E+001
  0.60000000E+001  0.22068966E+001  0.21192690E+001
  0.60000000E+001  0.24482759E+001  0.21580374E+001
  0.60000000E+001  0.26896552E+001  0.21865744E+001
  0.60000000E+001  0.29310345E+001  0.22125317E+001
  0.60000000E+001  0.31724138E+001  0.22379158E+001
  0.60000000E+001  0.34137931E+001  0.22635799E+001
  0.60000000E+001  0.36551724E+001  0.22899940E+001
  0.60000000E+001  0.38965517E+001  0.23174702E+001
  0.60000000E+001  0.41379310E+001  0.23462487E+001
  0.60000000E+001  0.43793103E+001  0.23765379E+001
  0.60000000E+001  0.46206897E+001  0.24085346E+001
  0.60000000E+001  0.48620690E+001  0.24424336E+001
  0.60000000E+001  0.51034483E+001  0.24784328E+001
  0.60000000E+001  0.53448276E+001  0.25167315E+001
  0.60000000E+001  0.55862069E+001  0.25575246E+001
  0.60000000E+001  0.58275862E+001  0.26009901E+001
  0.60000000E+001  0.60689655E+001  0.26472697E+001
  0.60000000E+001  0.63103448E+001  0.26964434E+001
  0.60000000E+001  0.65517241E+001  0.27485009E+001
  0.60000000E+001  0.67931034E+001  0.28033191E+001
  0.60000000E+001  0.70344828E+001  0.28606547E+001
  0.60000000E+001  0.72758621E+001  0.29201614E+001
  0.60000000E+001  0.75172414E+001  0.29814290E+001
  0.60000000E+001  0.77586207E+001  0.30440342E+001
  0.60000000E+001  0.80000000E+001  0.31075858E+001
 
